NAME	GS<br> follow link to MSigDB	GS DETAILS	SIZE	ES	NES	NOM p-val	FDR q-val	FWER p-val	RANK AT MAX	LEADING EDGE	
ATP REGENERATION FROM GLUCOSE (NORMOXIC CONDITIONS) - GLYCOLYSIS + KREBS CYCLE	ATP REGENERATION FROM GLUCOSE (NORMOXIC CONDITIONS) - GLYCOLYSIS + KREBS CYCLE	Details ...	85	-0.61544466	-2.2522922	0.0	0.0	0.0	7031	tags=80%, list=34%, signal=120%	
REACTOME_THE_CITRIC_ACID_TCA_CYCLE_AND_RESPIRATORY_ELECTRON_TRANSPORT	REACTOME_THE_CITRIC_ACID_TCA_CYCLE_AND_RESPIRATORY_ELECTRON_TRANSPORT	Details ...	176	-0.55508924	-2.238956	0.0	0.0	0.0	6130	tags=64%, list=29%, signal=89%	
REACTOME_RESPIRATORY_ELECTRON_TRANSPORT	REACTOME_RESPIRATORY_ELECTRON_TRANSPORT	Details ...	102	-0.5877155	-2.2007189	0.0	0.0	0.0	6681	tags=71%, list=32%, signal=103%	
CONVERSION OF LYSINE TO L-2-AMINOADIPATE	CONVERSION OF LYSINE TO L-2-AMINOADIPATE	Details ...	89	-0.5870559	-2.1787245	0.0	0.0	0.0	7031	tags=79%, list=34%, signal=118%	
METHIONINE DEGRADATION	METHIONINE DEGRADATION	Details ...	67	-0.60917574	-2.1510983	0.0	4.542058E-4	0.002	7387	tags=82%, list=35%, signal=127%	
REACTOME_DEFECTS_IN_VITAMIN_AND_COFACTOR_METABOLISM	REACTOME_DEFECTS_IN_VITAMIN_AND_COFACTOR_METABOLISM	Details ...	22	-0.7754372	-2.1496985	0.0	3.7850483E-4	0.002	2968	tags=64%, list=14%, signal=74%	
REACTOME_RESPIRATORY_ELECTRON_TRANSPORT_ATP_SYNTHESIS_BY_CHEMIOSMOTIC_COUPLING_AND_HEAT_PRODUCTION_BY_UNCOUPLING_PROTEINS	REACTOME_RESPIRATORY_ELECTRON_TRANSPORT_ATP_SYNTHESIS_BY_CHEMIOSMOTIC_COUPLING_AND_HEAT_PRODUCTION_BY_UNCOUPLING_PROTEINS	Details ...	126	-0.5664835	-2.1486783	0.0	3.244327E-4	0.002	6130	tags=63%, list=29%, signal=89%	
REACTOME_FATTY_ACID_METABOLISM	REACTOME_FATTY_ACID_METABOLISM	Details ...	172	-0.5381969	-2.1454012	0.0	2.8387862E-4	0.002	3026	tags=36%, list=15%, signal=42%	
REACTOME_SURFACTANT_METABOLISM	REACTOME_SURFACTANT_METABOLISM	Details ...	30	-0.7125363	-2.1437397	0.0	2.5233655E-4	0.002	3429	tags=57%, list=16%, signal=68%	
REACTOME_KERATINIZATION	REACTOME_KERATINIZATION	Details ...	182	-0.5282622	-2.1415157	0.0	2.271029E-4	0.002	3890	tags=47%, list=19%, signal=57%	
REACTOME_METABOLISM_OF_WATER_SOLUBLE_VITAMINS_AND_COFACTORS	REACTOME_METABOLISM_OF_WATER_SOLUBLE_VITAMINS_AND_COFACTORS	Details ...	123	-0.55595976	-2.1385422	0.0	2.0645717E-4	0.002	3387	tags=41%, list=16%, signal=49%	
REACTOME_FATTY_ACYL_COA_BIOSYNTHESIS	REACTOME_FATTY_ACYL_COA_BIOSYNTHESIS	Details ...	37	-0.6791309	-2.113908	0.0	3.8157986E-4	0.004	1737	tags=35%, list=8%, signal=38%	
REACTOME_CREATION_OF_C4_AND_C2_ACTIVATORS	REACTOME_CREATION_OF_C4_AND_C2_ACTIVATORS	Details ...	70	-0.59131163	-2.0891151	0.0	5.281503E-4	0.006	3091	tags=43%, list=15%, signal=50%	
REACTOME_TRIGLYCERIDE_METABOLISM	REACTOME_TRIGLYCERIDE_METABOLISM	Details ...	33	-0.6971206	-2.0753891	0.0	8.1573654E-4	0.01	2724	tags=42%, list=13%, signal=49%	
REACTOME_ACTIVATION_OF_GENE_EXPRESSION_BY_SREBF_SREBP	REACTOME_ACTIVATION_OF_GENE_EXPRESSION_BY_SREBF_SREBP	Details ...	42	-0.63968027	-2.070536	0.0	8.361595E-4	0.011	5564	tags=57%, list=27%, signal=78%	
REACTOME_METABOLISM_OF_VITAMINS_AND_COFACTORS	REACTOME_METABOLISM_OF_VITAMINS_AND_COFACTORS	Details ...	188	-0.5108887	-2.0702138	0.0	8.5657556E-4	0.012	3826	tags=41%, list=18%, signal=50%	
REACTOME_FORMATION_OF_THE_CORNIFIED_ENVELOPE	REACTOME_FORMATION_OF_THE_CORNIFIED_ENVELOPE	Details ...	119	-0.53192335	-2.0444684	0.0	0.0012708888	0.019	3890	tags=44%, list=19%, signal=53%	
REACTOME_DIGESTION	REACTOME_DIGESTION	Details ...	20	-0.7509944	-2.0341299	0.0	0.001325752	0.021	3669	tags=80%, list=18%, signal=97%	
OXIDATIVE PHOSPHORYLATION VIA NADH-COENZYME Q OXIDOREDUCTASE (COMPLEX I)	OXIDATIVE PHOSPHORYLATION VIA NADH-COENZYME Q OXIDOREDUCTASE (COMPLEX I)	Details ...	45	-0.61982125	-2.0244322	0.0018281536	0.0016749528	0.028	6924	tags=80%, list=33%, signal=120%	
REACTOME_PROTEIN_LOCALIZATION	REACTOME_PROTEIN_LOCALIZATION	Details ...	163	-0.5056893	-2.0048532	0.0	0.0022169277	0.039	6123	tags=48%, list=29%, signal=67%	
REACTOME_ADVANCED_GLYCOSYLATION_ENDPRODUCT_RECEPTOR_SIGNALING	REACTOME_ADVANCED_GLYCOSYLATION_ENDPRODUCT_RECEPTOR_SIGNALING		13	-0.81227607	-1.9937569	0.0	0.0026508637	0.049	1030	tags=23%, list=5%, signal=24%	
REACTOME_PHASE_I_FUNCTIONALIZATION_OF_COMPOUNDS	REACTOME_PHASE_I_FUNCTIONALIZATION_OF_COMPOUNDS		101	-0.5350076	-1.9928765	0.0	0.002581428	0.05	2217	tags=31%, list=11%, signal=34%	
REACTOME_BIOTIN_TRANSPORT_AND_METABOLISM	REACTOME_BIOTIN_TRANSPORT_AND_METABOLISM		11	-0.8547518	-1.991761	0.0	0.0024691918	0.05	2968	tags=91%, list=14%, signal=106%	
REACTOME_BRANCHED_CHAIN_AMINO_ACID_CATABOLISM	REACTOME_BRANCHED_CHAIN_AMINO_ACID_CATABOLISM		21	-0.72507197	-1.9898655	0.0	0.0024136147	0.051	3015	tags=62%, list=14%, signal=72%	
REACTOME_UPTAKE_OF_DIETARY_COBALAMINS_INTO_ENTEROCYTES	REACTOME_UPTAKE_OF_DIETARY_COBALAMINS_INTO_ENTEROCYTES		10	-0.882193	-1.985236	0.0	0.0026808179	0.059	1544	tags=70%, list=7%, signal=76%	
REACTOME_MITOCHONDRIAL_FATTY_ACID_BETA_OXIDATION	REACTOME_MITOCHONDRIAL_FATTY_ACID_BETA_OXIDATION		37	-0.64171594	-1.9726809	0.0	0.0033687546	0.075	4271	tags=57%, list=21%, signal=71%	
REACTOME_TRIGLYCERIDE_BIOSYNTHESIS	REACTOME_TRIGLYCERIDE_BIOSYNTHESIS		12	-0.83056027	-1.9717816	0.0	0.0032866774	0.076	1744	tags=58%, list=8%, signal=64%	
REACTOME_BIOLOGICAL_OXIDATIONS	REACTOME_BIOLOGICAL_OXIDATIONS		201	-0.4800669	-1.9697298	0.0	0.003332398	0.08	2618	tags=30%, list=13%, signal=34%	
REACTOME_DISEASES_ASSOCIATED_WITH_SURFACTANT_METABOLISM	REACTOME_DISEASES_ASSOCIATED_WITH_SURFACTANT_METABOLISM		10	-0.85885924	-1.9580125	0.0	0.0042328066	0.102	2314	tags=80%, list=11%, signal=90%	
REACTOME_REGULATION_OF_CHOLESTEROL_BIOSYNTHESIS_BY_SREBP_SREBF	REACTOME_REGULATION_OF_CHOLESTEROL_BIOSYNTHESIS_BY_SREBP_SREBF		55	-0.57231843	-1.9519264	0.0	0.0043915915	0.11	5564	tags=51%, list=27%, signal=69%	
REACTOME_MITOCHONDRIAL_PROTEIN_IMPORT	REACTOME_MITOCHONDRIAL_PROTEIN_IMPORT		64	-0.55909663	-1.9506071	0.0	0.0043611214	0.113	6893	tags=58%, list=33%, signal=86%	
REACTOME_COBALAMIN_CBL_VITAMIN_B12_TRANSPORT_AND_METABOLISM	REACTOME_COBALAMIN_CBL_VITAMIN_B12_TRANSPORT_AND_METABOLISM		22	-0.68969136	-1.9467552	0.0	0.0044347737	0.119	2945	tags=50%, list=14%, signal=58%	
REACTOME_ROLE_OF_LAT2_NTAL_LAB_ON_CALCIUM_MOBILIZATION	REACTOME_ROLE_OF_LAT2_NTAL_LAB_ON_CALCIUM_MOBILIZATION		71	-0.55321085	-1.941069	0.0	0.0046432987	0.127	4791	tags=54%, list=23%, signal=69%	
REACTOME_METALLOTHIONEINS_BIND_METALS	REACTOME_METALLOTHIONEINS_BIND_METALS		11	-0.8214537	-1.9404249	0.0	0.004539803	0.128	1962	tags=82%, list=9%, signal=90%	
REACTOME_PYRUVATE_METABOLISM_AND_CITRIC_ACID_TCA_CYCLE	REACTOME_PYRUVATE_METABOLISM_AND_CITRIC_ACID_TCA_CYCLE		54	-0.57068753	-1.9310436	0.0036101083	0.0051239245	0.148	4811	tags=59%, list=23%, signal=77%	
REACTOME_MITOCHONDRIAL_TRANSLATION	REACTOME_MITOCHONDRIAL_TRANSLATION		96	-0.51657444	-1.9266707	0.0	0.0053269346	0.157	8144	tags=74%, list=39%, signal=121%	
REACTOME_FCGR3A_MEDIATED_IL10_SYNTHESIS	REACTOME_FCGR3A_MEDIATED_IL10_SYNTHESIS		94	-0.52387065	-1.9263934	0.0	0.0052771484	0.16	4791	tags=48%, list=23%, signal=62%	
REACTOME_DEFECTIVE_CSF2RB_CAUSES_SMDP5	REACTOME_DEFECTIVE_CSF2RB_CAUSES_SMDP5		8	-0.88962257	-1.916439	0.0	0.0061816834	0.187	671	tags=75%, list=3%, signal=77%	
REACTOME_ACTIVATION_OF_MATRIX_METALLOPROTEINASES	REACTOME_ACTIVATION_OF_MATRIX_METALLOPROTEINASES		33	-0.6389699	-1.913134	0.0	0.006339862	0.197	2177	tags=52%, list=10%, signal=57%	
REACTOME_GAP_JUNCTION_ASSEMBLY	REACTOME_GAP_JUNCTION_ASSEMBLY		32	-0.6333604	-1.9116782	0.0	0.0064062527	0.204	3677	tags=56%, list=18%, signal=68%	
REACTOME_TRANSCRIPTIONAL_REGULATION_OF_WHITE_ADIPOCYTE_DIFFERENTIATION	REACTOME_TRANSCRIPTIONAL_REGULATION_OF_WHITE_ADIPOCYTE_DIFFERENTIATION		83	-0.522839	-1.9050548	0.0	0.00694261	0.224	3953	tags=27%, list=19%, signal=33%	
REACTOME_DIGESTION_OF_DIETARY_LIPID	REACTOME_DIGESTION_OF_DIETARY_LIPID		7	-0.9153952	-1.8932819	0.0	0.008400124	0.266	1312	tags=86%, list=6%, signal=91%	
REACTOME_GROWTH_HORMONE_RECEPTOR_SIGNALING	REACTOME_GROWTH_HORMONE_RECEPTOR_SIGNALING		24	-0.66596085	-1.887307	0.0	0.008807821	0.286	3105	tags=38%, list=15%, signal=44%	
REACTOME_DIGESTION_AND_ABSORPTION	REACTOME_DIGESTION_AND_ABSORPTION		24	-0.67603856	-1.8856177	0.0	0.008966512	0.295	3669	tags=71%, list=18%, signal=86%	
REACTOME_FOXO_MEDIATED_TRANSCRIPTION_OF_OXIDATIVE_STRESS_METABOLIC_AND_NEURONAL_GENES	REACTOME_FOXO_MEDIATED_TRANSCRIPTION_OF_OXIDATIVE_STRESS_METABOLIC_AND_NEURONAL_GENES		28	-0.64303726	-1.8854556	0.0	0.008791673	0.296	2975	tags=43%, list=14%, signal=50%	
REACTOME_COMPLEX_I_BIOGENESIS	REACTOME_COMPLEX_I_BIOGENESIS		57	-0.5498007	-1.8839176	0.0	0.008845421	0.3	7549	tags=74%, list=36%, signal=115%	
REACTOME_CD22_MEDIATED_BCR_REGULATION	REACTOME_CD22_MEDIATED_BCR_REGULATION		61	-0.5482948	-1.8815126	0.0	0.009065767	0.311	3091	tags=39%, list=15%, signal=46%	
REACTOME_PEROXISOMAL_LIPID_METABOLISM	REACTOME_PEROXISOMAL_LIPID_METABOLISM		28	-0.6304546	-1.8765941	0.0	0.009377244	0.328	2513	tags=39%, list=12%, signal=45%	
ARGININE SYNTHESIS	ARGININE SYNTHESIS		15	-0.7478816	-1.8720998	0.0	0.009766951	0.345	2317	tags=60%, list=11%, signal=67%	
REACTOME_INITIAL_TRIGGERING_OF_COMPLEMENT	REACTOME_INITIAL_TRIGGERING_OF_COMPLEMENT		78	-0.52681047	-1.8603925	0.0	0.011023612	0.389	3091	tags=40%, list=15%, signal=46%	
REACTOME_FCGR_ACTIVATION	REACTOME_FCGR_ACTIVATION		69	-0.52958024	-1.830931	0.0	0.017000526	0.534	3950	tags=46%, list=19%, signal=57%	
REACTOME_RESOLUTION_OF_SISTER_CHROMATID_COHESION	REACTOME_RESOLUTION_OF_SISTER_CHROMATID_COHESION		125	-0.47086748	-1.829226	0.0	0.017152617	0.541	4653	tags=32%, list=22%, signal=41%	
REACTOME_METABOLISM_OF_LIPIDS	REACTOME_METABOLISM_OF_LIPIDS		723	-0.39593932	-1.8268623	0.0	0.017555479	0.555	4180	tags=30%, list=20%, signal=36%	
REACTOME_PP2A_MEDIATED_DEPHOSPHORYLATION_OF_KEY_METABOLIC_FACTORS	REACTOME_PP2A_MEDIATED_DEPHOSPHORYLATION_OF_KEY_METABOLIC_FACTORS		7	-0.86376107	-1.8203413	0.0	0.019231047	0.589	1679	tags=43%, list=8%, signal=47%	
REACTOME_REGULATION_OF_TLR_BY_ENDOGENOUS_LIGAND	REACTOME_REGULATION_OF_TLR_BY_ENDOGENOUS_LIGAND		21	-0.6667006	-1.8199879	0.001908397	0.018984701	0.591	3034	tags=57%, list=15%, signal=67%	
REACTOME_MISCELLANEOUS_SUBSTRATES	REACTOME_MISCELLANEOUS_SUBSTRATES		12	-0.7586687	-1.8179407	0.0036764706	0.019293122	0.601	1969	tags=33%, list=9%, signal=37%	
REACTOME_INTEGRATION_OF_ENERGY_METABOLISM	REACTOME_INTEGRATION_OF_ENERGY_METABOLISM		103	-0.48855504	-1.8147428	0.0016806723	0.019654037	0.611	3088	tags=30%, list=15%, signal=35%	
REACTOME_DEFECTS_IN_BIOTIN_BTN_METABOLISM	REACTOME_DEFECTS_IN_BIOTIN_BTN_METABOLISM		8	-0.85789067	-1.813623	0.0020242915	0.019664248	0.619	2968	tags=100%, list=14%, signal=117%	
REACTOME_RESPONSE_TO_METAL_IONS	REACTOME_RESPONSE_TO_METAL_IONS		14	-0.72420263	-1.810136	0.0	0.020448908	0.635	1962	tags=64%, list=9%, signal=71%	
REACTOME_GLUTATHIONE_SYNTHESIS_AND_RECYCLING	REACTOME_GLUTATHIONE_SYNTHESIS_AND_RECYCLING		12	-0.7454832	-1.7992234	0.003976143	0.023271956	0.693	2182	tags=50%, list=10%, signal=56%	
REACTOME_PEROXISOMAL_PROTEIN_IMPORT	REACTOME_PEROXISOMAL_PROTEIN_IMPORT		63	-0.5172091	-1.7974982	0.0	0.023636783	0.706	5257	tags=46%, list=25%, signal=61%	
REACTOME_ANTI_INFLAMMATORY_RESPONSE_FAVOURING_LEISHMANIA_PARASITE_INFECTION	REACTOME_ANTI_INFLAMMATORY_RESPONSE_FAVOURING_LEISHMANIA_PARASITE_INFECTION		129	-0.46167657	-1.7946392	0.0	0.024176069	0.714	4523	tags=40%, list=22%, signal=50%	
REACTOME_REGULATION_OF_PYRUVATE_DEHYDROGENASE_PDH_COMPLEX	REACTOME_REGULATION_OF_PYRUVATE_DEHYDROGENASE_PDH_COMPLEX		16	-0.70813155	-1.7938485	0.0054545454	0.02402544	0.718	2428	tags=56%, list=12%, signal=64%	
REACTOME_ANTIGEN_ACTIVATES_B_CELL_RECEPTOR_BCR_LEADING_TO_GENERATION_OF_SECOND_MESSENGERS	REACTOME_ANTIGEN_ACTIVATES_B_CELL_RECEPTOR_BCR_LEADING_TO_GENERATION_OF_SECOND_MESSENGERS		86	-0.49105448	-1.7889661	0.0	0.025336122	0.744	4791	tags=45%, list=23%, signal=59%	
REACTOME_COMPLEMENT_CASCADE	REACTOME_COMPLEMENT_CASCADE		113	-0.4708781	-1.7869288	0.0	0.025711663	0.753	3630	tags=38%, list=17%, signal=46%	
REACTOME_POST_CHAPERONIN_TUBULIN_FOLDING_PATHWAY	REACTOME_POST_CHAPERONIN_TUBULIN_FOLDING_PATHWAY		21	-0.6368683	-1.7819324	0.003629764	0.02714712	0.782	3677	tags=52%, list=18%, signal=64%	
REACTOME_NEUTROPHIL_DEGRANULATION	REACTOME_NEUTROPHIL_DEGRANULATION		473	-0.39994895	-1.7802967	0.0	0.027114777	0.788	4616	tags=32%, list=22%, signal=40%	
REACTOME_VITAMIN_B5_PANTOTHENATE_METABOLISM	REACTOME_VITAMIN_B5_PANTOTHENATE_METABOLISM		17	-0.6840178	-1.7746822	0.0	0.028887758	0.819	2328	tags=41%, list=11%, signal=46%	
REACTOME_TOLL_LIKE_RECEPTOR_TLR1_TLR2_CASCADE	REACTOME_TOLL_LIKE_RECEPTOR_TLR1_TLR2_CASCADE		115	-0.4585829	-1.765876	0.0	0.032165956	0.852	3225	tags=23%, list=15%, signal=28%	
REACTOME_FCERI_MEDIATED_CA_2_MOBILIZATION	REACTOME_FCERI_MEDIATED_CA_2_MOBILIZATION		86	-0.48786008	-1.7641786	0.0017391305	0.03245395	0.856	4791	tags=45%, list=23%, signal=59%	
REACTOME_FCERI_MEDIATED_MAPK_ACTIVATION	REACTOME_FCERI_MEDIATED_MAPK_ACTIVATION		87	-0.4847274	-1.760532	0.0	0.033677284	0.866	4791	tags=44%, list=23%, signal=56%	
REACTOME_SYNTHESIS_OF_LEUKOTRIENES_LT_AND_EOXINS_EX	REACTOME_SYNTHESIS_OF_LEUKOTRIENES_LT_AND_EOXINS_EX		20	-0.6417956	-1.759187	0.0056818184	0.033805072	0.872	2532	tags=40%, list=12%, signal=45%	
REACTOME_CITRIC_ACID_CYCLE_TCA_CYCLE	REACTOME_CITRIC_ACID_CYCLE_TCA_CYCLE		22	-0.6289045	-1.7567636	0.0060362173	0.034262598	0.875	4811	tags=68%, list=23%, signal=89%	
REACTOME_KETONE_BODY_METABOLISM	REACTOME_KETONE_BODY_METABOLISM		10	-0.7906392	-1.7537329	0.002008032	0.035025205	0.889	1959	tags=60%, list=9%, signal=66%	
REACTOME_PHASE_II_CONJUGATION_OF_COMPOUNDS	REACTOME_PHASE_II_CONJUGATION_OF_COMPOUNDS		93	-0.47495997	-1.7529931	0.0	0.034800436	0.891	2618	tags=31%, list=13%, signal=36%	
REACTOME_GLUCONEOGENESIS	REACTOME_GLUCONEOGENESIS		33	-0.58873695	-1.7504365	0.0018552876	0.03562793	0.903	4363	tags=52%, list=21%, signal=65%	
GAMMA-LINOLENATE DEGRADATION	GAMMA-LINOLENATE DEGRADATION		52	-0.5239396	-1.7488289	0.0	0.035887253	0.909	1429	tags=23%, list=7%, signal=25%	
REACTOME_BETA_OXIDATION_OF_VERY_LONG_CHAIN_FATTY_ACIDS	REACTOME_BETA_OXIDATION_OF_VERY_LONG_CHAIN_FATTY_ACIDS		10	-0.7571319	-1.7401581	0.0056926	0.03959862	0.931	1531	tags=60%, list=7%, signal=65%	
REACTOME_TRANSPORT_OF_CONNEXONS_TO_THE_PLASMA_MEMBRANE	REACTOME_TRANSPORT_OF_CONNEXONS_TO_THE_PLASMA_MEMBRANE		20	-0.6404725	-1.7365216	0.0018903592	0.04104819	0.943	3677	tags=55%, list=18%, signal=67%	
REACTOME_POTENTIAL_THERAPEUTICS_FOR_SARS	REACTOME_POTENTIAL_THERAPEUTICS_FOR_SARS		154	-0.43877217	-1.7257512	0.0	0.045843214	0.956	5215	tags=38%, list=25%, signal=50%	
GLUTAMINE SYNTHESIS	GLUTAMINE SYNTHESIS		10	-0.7502327	-1.7254127	0.009416196	0.04536212	0.957	2317	tags=60%, list=11%, signal=67%	
REACTOME_SIGNAL_ATTENUATION	REACTOME_SIGNAL_ATTENUATION		10	-0.7573463	-1.7247595	0.004032258	0.04512874	0.958	4673	tags=70%, list=22%, signal=90%	
REACTOME_DECTIN_2_FAMILY	REACTOME_DECTIN_2_FAMILY		24	-0.6137631	-1.7226131	0.0018621974	0.045910865	0.962	3373	tags=46%, list=16%, signal=55%	
REACTOME_GAP_JUNCTION_TRAFFICKING_AND_REGULATION	REACTOME_GAP_JUNCTION_TRAFFICKING_AND_REGULATION		45	-0.5252425	-1.7218688	0.005484461	0.045838837	0.963	3719	tags=42%, list=18%, signal=51%	
REACTOME_GLYOXYLATE_METABOLISM_AND_GLYCINE_DEGRADATION	REACTOME_GLYOXYLATE_METABOLISM_AND_GLYCINE_DEGRADATION		31	-0.5672821	-1.7209816	0.0040983604	0.045737837	0.963	2428	tags=45%, list=12%, signal=51%	
ALANINE SYNTHESIS	ALANINE SYNTHESIS		10	-0.76137775	-1.7142833	0.0	0.04884197	0.972	2317	tags=60%, list=11%, signal=67%	
REACTOME_TOLL_LIKE_RECEPTOR_CASCADES	REACTOME_TOLL_LIKE_RECEPTOR_CASCADES		166	-0.428273	-1.7100735	0.0	0.050843563	0.977	3225	tags=23%, list=15%, signal=27%	
REACTOME_ADRENOCEPTORS	REACTOME_ADRENOCEPTORS		9	-0.76267946	-1.7068157	0.0114722755	0.052603	0.982	2867	tags=67%, list=14%, signal=77%	
BETA-ALANINE SYNTHESIS	BETA-ALANINE SYNTHESIS		13	-0.6999204	-1.7067064	0.0076190475	0.05207629	0.982	5160	tags=85%, list=25%, signal=112%	
REACTOME_ETHANOL_OXIDATION	REACTOME_ETHANOL_OXIDATION		12	-0.71469045	-1.6967679	0.005791506	0.058425378	0.994	3236	tags=58%, list=16%, signal=69%	
REACTOME_SYNTHESIS_OF_KETONE_BODIES	REACTOME_SYNTHESIS_OF_KETONE_BODIES		8	-0.7935316	-1.6958604	0.003921569	0.05832127	0.994	1959	tags=63%, list=9%, signal=69%	
REACTOME_ALPHA_LINOLENIC_OMEGA3_AND_LINOLEIC_OMEGA6_ACID_METABOLISM	REACTOME_ALPHA_LINOLENIC_OMEGA3_AND_LINOLEIC_OMEGA6_ACID_METABOLISM		13	-0.6872298	-1.6950606	0.0100603625	0.058265142	0.995	3916	tags=69%, list=19%, signal=85%	
REACTOME_INTERLEUKIN_7_SIGNALING	REACTOME_INTERLEUKIN_7_SIGNALING		28	-0.5688536	-1.6934681	0.011173184	0.058761504	0.995	1952	tags=39%, list=9%, signal=43%	
REACTOME_REGULATION_OF_GLYCOLYSIS_BY_FRUCTOSE_2_6_BISPHOSPHATE_METABOLISM	REACTOME_REGULATION_OF_GLYCOLYSIS_BY_FRUCTOSE_2_6_BISPHOSPHATE_METABOLISM		11	-0.7271695	-1.6853569	0.01372549	0.06368081	0.999	1679	tags=27%, list=8%, signal=30%	
REACTOME_CHREBP_ACTIVATES_METABOLIC_GENE_EXPRESSION	REACTOME_CHREBP_ACTIVATES_METABOLIC_GENE_EXPRESSION		8	-0.7995419	-1.6831067	0.008032128	0.06459012	0.999	2467	tags=63%, list=12%, signal=71%	
REACTOME_LECTIN_PATHWAY_OF_COMPLEMENT_ACTIVATION	REACTOME_LECTIN_PATHWAY_OF_COMPLEMENT_ACTIVATION		7	-0.8290588	-1.6825782	0.0056818184	0.06429703	0.999	2105	tags=57%, list=10%, signal=64%	
REACTOME_GLUCOSE_METABOLISM	REACTOME_GLUCOSE_METABOLISM		90	-0.45932874	-1.6787791	0.0	0.06626282	0.999	4363	tags=28%, list=21%, signal=35%	
REACTOME_SYNTHESIS_OF_LIPOXINS_LX	REACTOME_SYNTHESIS_OF_LIPOXINS_LX		5	-0.87275934	-1.6732895	0.004040404	0.06952499	1.0	2065	tags=80%, list=10%, signal=89%	
REACTOME_MTORC1_MEDIATED_SIGNALLING	REACTOME_MTORC1_MEDIATED_SIGNALLING		24	-0.5910972	-1.6731606	0.0056603774	0.06897252	1.0	4620	tags=46%, list=22%, signal=59%	
REACTOME_METABOLISM_OF_AMINO_ACIDS_AND_DERIVATIVES	REACTOME_METABOLISM_OF_AMINO_ACIDS_AND_DERIVATIVES		367	-0.3839794	-1.6706369	0.0	0.07037678	1.0	3042	tags=22%, list=15%, signal=25%	
REACTOME_PKA_MEDIATED_PHOSPHORYLATION_OF_KEY_METABOLIC_FACTORS	REACTOME_PKA_MEDIATED_PHOSPHORYLATION_OF_KEY_METABOLIC_FACTORS		4	-0.9188052	-1.6694379	0.0056390977	0.070634834	1.0	547	tags=50%, list=3%, signal=51%	
REACTOME_ANDROGEN_BIOSYNTHESIS	REACTOME_ANDROGEN_BIOSYNTHESIS		11	-0.72138894	-1.6662577	0.0111524165	0.07240026	1.0	2077	tags=55%, list=10%, signal=61%	
REACTOME_NUCLEAR_EVENTS_KINASE_AND_TRANSCRIPTION_FACTOR_ACTIVATION	REACTOME_NUCLEAR_EVENTS_KINASE_AND_TRANSCRIPTION_FACTOR_ACTIVATION		61	-0.4890217	-1.666174	0.0053097345	0.07179622	1.0	3299	tags=26%, list=16%, signal=31%	
REACTOME_REGULATION_OF_LIPID_METABOLISM_BY_PPARALPHA	REACTOME_REGULATION_OF_LIPID_METABOLISM_BY_PPARALPHA		117	-0.4395691	-1.6658075	0.0017605633	0.07140036	1.0	4058	tags=27%, list=19%, signal=34%	
REACTOME_CARNITINE_METABOLISM	REACTOME_CARNITINE_METABOLISM		14	-0.6741123	-1.6584202	0.024667932	0.07677115	1.0	3017	tags=57%, list=14%, signal=67%	
REACTOME_INNATE_IMMUNE_SYSTEM	REACTOME_INNATE_IMMUNE_SYSTEM		1047	-0.35229033	-1.6564766	0.0	0.07759641	1.0	3241	tags=22%, list=16%, signal=25%	
REACTOME_BIOSYNTHESIS_OF_SPECIALIZED_PRORESOLVING_MEDIATORS_SPMS	REACTOME_BIOSYNTHESIS_OF_SPECIALIZED_PRORESOLVING_MEDIATORS_SPMS		18	-0.63809615	-1.6547431	0.008080808	0.07825886	1.0	2384	tags=44%, list=11%, signal=50%	
REACTOME_HSP90_CHAPERONE_CYCLE_FOR_STEROID_HORMONE_RECEPTORS_SHR_IN_THE_PRESENCE_OF_LIGAND	REACTOME_HSP90_CHAPERONE_CYCLE_FOR_STEROID_HORMONE_RECEPTORS_SHR_IN_THE_PRESENCE_OF_LIGAND		56	-0.49240598	-1.6541727	0.0054347827	0.078059874	1.0	4550	tags=38%, list=22%, signal=48%	
REACTOME_FICOLINS_BIND_TO_REPETITIVE_CARBOHYDRATE_STRUCTURES_ON_THE_TARGET_CELL_SURFACE	REACTOME_FICOLINS_BIND_TO_REPETITIVE_CARBOHYDRATE_STRUCTURES_ON_THE_TARGET_CELL_SURFACE		5	-0.8974339	-1.6536317	0.005976096	0.07776911	1.0	2105	tags=80%, list=10%, signal=89%	
ASPARAGINE SYNTHESIS	ASPARAGINE SYNTHESIS		18	-0.61773384	-1.6528691	0.013133208	0.077710725	1.0	5160	tags=72%, list=25%, signal=96%	
LYSINE DEGRADATION	LYSINE DEGRADATION		10	-0.7241852	-1.6407251	0.025974026	0.08809807	1.0	4648	tags=90%, list=22%, signal=116%	
REACTOME_PYRUVATE_METABOLISM	REACTOME_PYRUVATE_METABOLISM		30	-0.55385613	-1.635472	0.009276438	0.09248914	1.0	2973	tags=43%, list=14%, signal=50%	
REACTOME_UREA_CYCLE	REACTOME_UREA_CYCLE		9	-0.7583276	-1.6311152	0.009920635	0.09566941	1.0	4005	tags=67%, list=19%, signal=83%	
ASPARTATE SYNTHESIS	ASPARTATE SYNTHESIS		8	-0.7648763	-1.6305935	0.015564202	0.09530798	1.0	2317	tags=63%, list=11%, signal=70%	
REACTOME_SULFIDE_OXIDATION_TO_SULFATE	REACTOME_SULFIDE_OXIDATION_TO_SULFATE		6	-0.82390696	-1.627469	0.0036101083	0.09754468	1.0	2193	tags=67%, list=11%, signal=74%	
REACTOME_CRISTAE_FORMATION	REACTOME_CRISTAE_FORMATION		31	-0.5447113	-1.6269485	0.003649635	0.09716419	1.0	7183	tags=71%, list=34%, signal=108%	
KREBS CYCLE - NADH GENERATION	KREBS CYCLE - NADH GENERATION		9	-0.7455884	-1.626694	0.011627907	0.096584804	1.0	4811	tags=89%, list=23%, signal=116%	
REACTOME_DEFECTS_IN_COBALAMIN_B12_METABOLISM	REACTOME_DEFECTS_IN_COBALAMIN_B12_METABOLISM		14	-0.6747354	-1.6242578	0.01171875	0.09809156	1.0	2945	tags=43%, list=14%, signal=50%	
ARGININE DEGRADATION	ARGININE DEGRADATION		22	-0.58319235	-1.6223563	0.023941068	0.099182464	1.0	7183	tags=77%, list=34%, signal=118%	
REACTOME_FORMATION_OF_ATP_BY_CHEMIOSMOTIC_COUPLING	REACTOME_FORMATION_OF_ATP_BY_CHEMIOSMOTIC_COUPLING		18	-0.60425305	-1.6166265	0.022857143	0.10392903	1.0	7183	tags=78%, list=34%, signal=119%	
REACTOME_SEALING_OF_THE_NUCLEAR_ENVELOPE_NE_BY_ESCRT_III	REACTOME_SEALING_OF_THE_NUCLEAR_ENVELOPE_NE_BY_ESCRT_III		31	-0.53519154	-1.6150345	0.011627907	0.10467216	1.0	4980	tags=48%, list=24%, signal=63%	
REACTOME_TP53_REGULATES_METABOLIC_GENES	REACTOME_TP53_REGULATES_METABOLIC_GENES		86	-0.44146267	-1.61349	0.0053380784	0.10552679	1.0	4915	tags=43%, list=24%, signal=56%	
REACTOME_MITOCHONDRIAL_FATTY_ACID_BETA_OXIDATION_OF_SATURATED_FATTY_ACIDS	REACTOME_MITOCHONDRIAL_FATTY_ACID_BETA_OXIDATION_OF_SATURATED_FATTY_ACIDS		11	-0.67889905	-1.6093621	0.02	0.10910569	1.0	6697	tags=100%, list=32%, signal=147%	
REACTOME_FORMYL_PEPTIDE_RECEPTORS_BIND_FORMYL_PEPTIDES_AND_MANY_OTHER_LIGANDS	REACTOME_FORMYL_PEPTIDE_RECEPTORS_BIND_FORMYL_PEPTIDES_AND_MANY_OTHER_LIGANDS		8	-0.7454004	-1.6084023	0.021400778	0.10928666	1.0	3226	tags=63%, list=15%, signal=74%	
REACTOME_CHOLESTEROL_BIOSYNTHESIS	REACTOME_CHOLESTEROL_BIOSYNTHESIS		27	-0.5607234	-1.6062307	0.015686275	0.110522754	1.0	6659	tags=74%, list=32%, signal=109%	
CHOLESTEROL SYNTHESIS	CHOLESTEROL SYNTHESIS		10	-0.7120486	-1.6006805	0.02457467	0.11575128	1.0	1441	tags=50%, list=7%, signal=54%	
REACTOME_RHO_GTPASES_ACTIVATE_IQGAPS	REACTOME_RHO_GTPASES_ACTIVATE_IQGAPS		31	-0.5415161	-1.5955447	0.00952381	0.120683625	1.0	3677	tags=39%, list=18%, signal=47%	
REACTOME_ROLE_OF_PHOSPHOLIPIDS_IN_PHAGOCYTOSIS	REACTOME_ROLE_OF_PHOSPHOLIPIDS_IN_PHAGOCYTOSIS		82	-0.4425011	-1.594992	0.003552398	0.12039584	1.0	4791	tags=49%, list=23%, signal=63%	
REACTOME_ARACHIDONIC_ACID_METABOLISM	REACTOME_ARACHIDONIC_ACID_METABOLISM		56	-0.47205302	-1.5921993	0.008896797	0.12271889	1.0	2532	tags=30%, list=12%, signal=34%	
REACTOME_TYSND1_CLEAVES_PEROXISOMAL_PROTEINS	REACTOME_TYSND1_CLEAVES_PEROXISOMAL_PROTEINS		7	-0.7899012	-1.5881197	0.015384615	0.12638389	1.0	3674	tags=71%, list=18%, signal=87%	
ARACHIDONATE SYNTHESIS	ARACHIDONATE SYNTHESIS		21	-0.579564	-1.5877309	0.015009381	0.12578905	1.0	7183	tags=76%, list=34%, signal=116%	
REACTOME_MISCELLANEOUS_TRANSPORT_AND_BINDING_EVENTS	REACTOME_MISCELLANEOUS_TRANSPORT_AND_BINDING_EVENTS		24	-0.5616967	-1.5875453	0.0234375	0.12509461	1.0	3149	tags=29%, list=15%, signal=34%	
GLUTAMINOLYSIS (GLUTAMINE TO LACTATE)	GLUTAMINOLYSIS (GLUTAMINE TO LACTATE)		8	-0.73964936	-1.5863358	0.018292682	0.1256836	1.0	4811	tags=88%, list=23%, signal=114%	
REACTOME_ACYL_CHAIN_REMODELING_OF_DAG_AND_TAG	REACTOME_ACYL_CHAIN_REMODELING_OF_DAG_AND_TAG		6	-0.8159123	-1.5843108	0.019305019	0.1269714	1.0	1744	tags=67%, list=8%, signal=73%	
REACTOME_MITOCHONDRIAL_FATTY_ACID_BETA_OXIDATION_OF_UNSATURATED_FATTY_ACIDS	REACTOME_MITOCHONDRIAL_FATTY_ACID_BETA_OXIDATION_OF_UNSATURATED_FATTY_ACIDS		6	-0.80964273	-1.5825503	0.020220589	0.12799168	1.0	3971	tags=100%, list=19%, signal=124%	
REACTOME_COPI_INDEPENDENT_GOLGI_TO_ER_RETROGRADE_TRAFFIC	REACTOME_COPI_INDEPENDENT_GOLGI_TO_ER_RETROGRADE_TRAFFIC		52	-0.4756859	-1.5739679	0.009328358	0.13733724	1.0	4428	tags=37%, list=21%, signal=46%	
REACTOME_SYNTHESIS_OF_VERY_LONG_CHAIN_FATTY_ACYL_COAS	REACTOME_SYNTHESIS_OF_VERY_LONG_CHAIN_FATTY_ACYL_COAS		24	-0.56231487	-1.573315	0.016453382	0.13705434	1.0	1737	tags=29%, list=8%, signal=32%	
REACTOME_METABOLISM_OF_STEROIDS	REACTOME_METABOLISM_OF_STEROIDS		153	-0.39753598	-1.5713335	0.0017123288	0.13863422	1.0	2077	tags=20%, list=10%, signal=22%	
REACTOME_XENOBIOTICS	REACTOME_XENOBIOTICS		20	-0.575413	-1.5707612	0.021526419	0.13835667	1.0	1642	tags=20%, list=8%, signal=22%	
REACTOME_SYNTHESIS_OF_PA	REACTOME_SYNTHESIS_OF_PA		36	-0.50717	-1.5706576	0.017331023	0.13753141	1.0	3074	tags=28%, list=15%, signal=33%	
REACTOME_INHIBITION_OF_REPLICATION_INITIATION_OF_DAMAGED_DNA_BY_RB1_E2F1	REACTOME_INHIBITION_OF_REPLICATION_INITIATION_OF_DAMAGED_DNA_BY_RB1_E2F1		13	-0.6391954	-1.5688949	0.01980198	0.1389762	1.0	2291	tags=23%, list=11%, signal=26%	
REACTOME_EICOSANOIDS	REACTOME_EICOSANOIDS		12	-0.6543675	-1.5680381	0.029296875	0.13919395	1.0	2532	tags=50%, list=12%, signal=57%	
REACTOME_NGF_STIMULATED_TRANSCRIPTION	REACTOME_NGF_STIMULATED_TRANSCRIPTION		39	-0.4988218	-1.5661097	0.024291499	0.14063613	1.0	3299	tags=31%, list=16%, signal=36%	
HISTIDINE DEGRADATION	HISTIDINE DEGRADATION		5	-0.82170236	-1.5660521	0.017374517	0.13971417	1.0	865	tags=40%, list=4%, signal=42%	
REACTOME_SIGNAL_REGULATORY_PROTEIN_FAMILY_INTERACTIONS	REACTOME_SIGNAL_REGULATORY_PROTEIN_FAMILY_INTERACTIONS		16	-0.61215955	-1.5652564	0.032380953	0.13974254	1.0	2314	tags=31%, list=11%, signal=35%	
REACTOME_CYTOSOLIC_SULFONATION_OF_SMALL_MOLECULES	REACTOME_CYTOSOLIC_SULFONATION_OF_SMALL_MOLECULES		22	-0.57321125	-1.5608252	0.02008032	0.14403675	1.0	2565	tags=32%, list=12%, signal=36%	
REACTOME_ORGANIC_ANION_TRANSPORTERS	REACTOME_ORGANIC_ANION_TRANSPORTERS		9	-0.69755113	-1.5592525	0.023121387	0.14507331	1.0	264	tags=22%, list=1%, signal=22%	
TRYPTOPHAN DEGRADATION	TRYPTOPHAN DEGRADATION		14	-0.6227204	-1.5566995	0.038910504	0.14708659	1.0	2758	tags=43%, list=13%, signal=49%	
REACTOME_CYTOCHROME_P450_ARRANGED_BY_SUBSTRATE_TYPE	REACTOME_CYTOCHROME_P450_ARRANGED_BY_SUBSTRATE_TYPE		61	-0.45269355	-1.5563085	0.01663586	0.1466337	1.0	2532	tags=23%, list=12%, signal=26%	
REACTOME_DISEASES_OF_CARBOHYDRATE_METABOLISM	REACTOME_DISEASES_OF_CARBOHYDRATE_METABOLISM		33	-0.49931678	-1.5526857	0.010810811	0.15040085	1.0	5152	tags=52%, list=25%, signal=68%	
REACTOME_IL_6_TYPE_CYTOKINE_RECEPTOR_LIGAND_INTERACTIONS	REACTOME_IL_6_TYPE_CYTOKINE_RECEPTOR_LIGAND_INTERACTIONS		16	-0.59432673	-1.5517136	0.04	0.15073185	1.0	4331	tags=44%, list=21%, signal=55%	
REACTOME_METABOLISM_OF_ANGIOTENSINOGEN_TO_ANGIOTENSINS	REACTOME_METABOLISM_OF_ANGIOTENSINOGEN_TO_ANGIOTENSINS		18	-0.57632124	-1.5513659	0.029962547	0.15022638	1.0	2423	tags=50%, list=12%, signal=57%	
GLUCONEOGENESIS FROM GLUTAMINE	GLUCONEOGENESIS FROM GLUTAMINE		8	-0.73964936	-1.5512004	0.028901733	0.14952502	1.0	4811	tags=88%, list=23%, signal=114%	
REACTOME_GLYCEROPHOSPHOLIPID_BIOSYNTHESIS	REACTOME_GLYCEROPHOSPHOLIPID_BIOSYNTHESIS		122	-0.40341017	-1.5503427	0.0017391305	0.14952867	1.0	3971	tags=31%, list=19%, signal=38%	
REACTOME_BETA_OXIDATION_OF_LAUROYL_COA_TO_DECANOYL_COA_COA	REACTOME_BETA_OXIDATION_OF_LAUROYL_COA_TO_DECANOYL_COA_COA		5	-0.8096038	-1.5490905	0.03076923	0.15025079	1.0	3971	tags=100%, list=19%, signal=124%	
REACTOME_BETA_OXIDATION_OF_BUTANOYL_COA_TO_ACETYL_COA	REACTOME_BETA_OXIDATION_OF_BUTANOYL_COA_TO_ACETYL_COA		5	-0.84142685	-1.5485498	0.020408163	0.15002313	1.0	936	tags=60%, list=4%, signal=63%	
REACTOME_PRE_NOTCH_PROCESSING_IN_GOLGI	REACTOME_PRE_NOTCH_PROCESSING_IN_GOLGI		18	-0.57620174	-1.5475107	0.027881041	0.15050408	1.0	6015	tags=56%, list=29%, signal=78%	
REACTOME_TRIGLYCERIDE_CATABOLISM	REACTOME_TRIGLYCERIDE_CATABOLISM		21	-0.56886035	-1.5467763	0.025454545	0.15053712	1.0	2562	tags=29%, list=12%, signal=33%	
REACTOME_GLYCOGEN_BREAKDOWN_GLYCOGENOLYSIS	REACTOME_GLYCOGEN_BREAKDOWN_GLYCOGENOLYSIS		14	-0.6290044	-1.5465763	0.041198503	0.1498825	1.0	4132	tags=50%, list=20%, signal=62%	
GLUTAMATE SYNTHESIS	GLUTAMATE SYNTHESIS		9	-0.7102827	-1.5464257	0.034798536	0.14914365	1.0	2317	tags=56%, list=11%, signal=62%	
REACTOME_ACTIVATION_OF_AMPK_DOWNSTREAM_OF_NMDARS	REACTOME_ACTIVATION_OF_AMPK_DOWNSTREAM_OF_NMDARS		28	-0.5289263	-1.5463443	0.021778584	0.14833692	1.0	3677	tags=46%, list=18%, signal=56%	
REACTOME_INTERLEUKIN_1_PROCESSING	REACTOME_INTERLEUKIN_1_PROCESSING		9	-0.7043014	-1.5450302	0.03508772	0.14910598	1.0	1718	tags=33%, list=8%, signal=36%	
PROLINE SYNTHESIS	PROLINE SYNTHESIS		4	-0.88179255	-1.5449317	0.02079002	0.1483036	1.0	1550	tags=75%, list=7%, signal=81%	
REACTOME_FATTY_ACIDS	REACTOME_FATTY_ACIDS		13	-0.62738293	-1.5440722	0.030592734	0.14847703	1.0	2532	tags=38%, list=12%, signal=44%	
REACTOME_NR1H2_AND_NR1H3_MEDIATED_SIGNALING	REACTOME_NR1H2_AND_NR1H3_MEDIATED_SIGNALING		46	-0.47321716	-1.5416161	0.018281536	0.15094721	1.0	2125	tags=20%, list=10%, signal=22%	
REACTOME_DISEASES_OF_METABOLISM	REACTOME_DISEASES_OF_METABOLISM		248	-0.36842045	-1.5410624	0.0	0.15085001	1.0	4063	tags=33%, list=20%, signal=40%	
REACTOME_ANTIMICROBIAL_PEPTIDES	REACTOME_ANTIMICROBIAL_PEPTIDES		52	-0.46938735	-1.5405765	0.0198915	0.1505802	1.0	2766	tags=44%, list=13%, signal=51%	
REACTOME_MOLYBDENUM_COFACTOR_BIOSYNTHESIS	REACTOME_MOLYBDENUM_COFACTOR_BIOSYNTHESIS		6	-0.77435654	-1.5361826	0.031558186	0.15523188	1.0	3387	tags=67%, list=16%, signal=80%	
TAURO-CHOLATE SYNTHESIS	TAURO-CHOLATE SYNTHESIS		29	-0.53035676	-1.5349883	0.02793296	0.15590931	1.0	7183	tags=69%, list=34%, signal=105%	
REACTOME_BETA_OXIDATION_OF_OCTANOYL_COA_TO_HEXANOYL_COA	REACTOME_BETA_OXIDATION_OF_OCTANOYL_COA_TO_HEXANOYL_COA		5	-0.8096038	-1.5335103	0.03550296	0.15712807	1.0	3971	tags=100%, list=19%, signal=124%	
REACTOME_POLO_LIKE_KINASE_MEDIATED_EVENTS	REACTOME_POLO_LIKE_KINASE_MEDIATED_EVENTS		16	-0.59996736	-1.5299063	0.03409091	0.16062136	1.0	4820	tags=63%, list=23%, signal=81%	
ISOLEUCINE DEGRADATION	ISOLEUCINE DEGRADATION		8	-0.73573124	-1.5286025	0.022900764	0.16147545	1.0	3971	tags=88%, list=19%, signal=108%	
REACTOME_NFE2L2_REGULATING_ANTI_OXIDANT_DETOXIFICATION_ENZYMES	REACTOME_NFE2L2_REGULATING_ANTI_OXIDANT_DETOXIFICATION_ENZYMES		17	-0.5829598	-1.5262798	0.035928145	0.16372189	1.0	2508	tags=41%, list=12%, signal=47%	
REACTOME_INTERLEUKIN_4_AND_INTERLEUKIN_13_SIGNALING	REACTOME_INTERLEUKIN_4_AND_INTERLEUKIN_13_SIGNALING		106	-0.40308854	-1.5253791	0.0017605633	0.16385168	1.0	3435	tags=34%, list=16%, signal=40%	
REACTOME_OPSINS	REACTOME_OPSINS		4	-0.8763913	-1.5244532	0.015355086	0.16423514	1.0	1360	tags=50%, list=7%, signal=53%	
REACTOME_BETA_OXIDATION_OF_DECANOYL_COA_TO_OCTANOYL_COA_COA	REACTOME_BETA_OXIDATION_OF_DECANOYL_COA_TO_OCTANOYL_COA_COA		6	-0.7531462	-1.5238202	0.04288499	0.16417612	1.0	3971	tags=83%, list=19%, signal=103%	
REACTOME_RHO_GTPASES_ACTIVATE_NADPH_OXIDASES	REACTOME_RHO_GTPASES_ACTIVATE_NADPH_OXIDASES		22	-0.5436949	-1.5236051	0.034883723	0.16353583	1.0	5516	tags=50%, list=26%, signal=68%	
REACTOME_TERMINATION_OF_O_GLYCAN_BIOSYNTHESIS	REACTOME_TERMINATION_OF_O_GLYCAN_BIOSYNTHESIS		23	-0.54682124	-1.5213431	0.028957529	0.16570903	1.0	2854	tags=35%, list=14%, signal=40%	
REACTOME_IRS_ACTIVATION	REACTOME_IRS_ACTIVATION		5	-0.8035534	-1.5176373	0.023391813	0.16961151	1.0	4097	tags=100%, list=20%, signal=124%	
REACTOME_FORMATION_OF_TUBULIN_FOLDING_INTERMEDIATES_BY_CCT_TRIC	REACTOME_FORMATION_OF_TUBULIN_FOLDING_INTERMEDIATES_BY_CCT_TRIC		25	-0.52617335	-1.5175245	0.025145067	0.16887802	1.0	3677	tags=40%, list=18%, signal=49%	
REACTOME_PROLACTIN_RECEPTOR_SIGNALING	REACTOME_PROLACTIN_RECEPTOR_SIGNALING		15	-0.601336	-1.5169045	0.053742804	0.16889164	1.0	3105	tags=33%, list=15%, signal=39%	
REACTOME_BETA_OXIDATION_OF_HEXANOYL_COA_TO_BUTANOYL_COA	REACTOME_BETA_OXIDATION_OF_HEXANOYL_COA_TO_BUTANOYL_COA		5	-0.8096038	-1.5156416	0.031067962	0.16967838	1.0	3971	tags=100%, list=19%, signal=124%	
REACTOME_METABOLISM_OF_FOLATE_AND_PTERINES	REACTOME_METABOLISM_OF_FOLATE_AND_PTERINES		17	-0.5815478	-1.5154853	0.042307694	0.1689489	1.0	4813	tags=65%, list=23%, signal=84%	
REACTOME_LIPID_PARTICLE_ORGANIZATION	REACTOME_LIPID_PARTICLE_ORGANIZATION		6	-0.7600847	-1.515458	0.046277665	0.16808693	1.0	435	tags=50%, list=2%, signal=51%	
CYSTEINE SYNTHESIS (NEED SERINE AND METHIONINE)	CYSTEINE SYNTHESIS (NEED SERINE AND METHIONINE)		3	-0.91438687	-1.5154567	0.008130081	0.16717838	1.0	375	tags=67%, list=2%, signal=68%	
REACTOME_NFE2L2_REGULATES_PENTOSE_PHOSPHATE_PATHWAY_GENES	REACTOME_NFE2L2_REGULATES_PENTOSE_PHOSPHATE_PATHWAY_GENES		8	-0.7072888	-1.5149041	0.053435113	0.1669622	1.0	2027	tags=50%, list=10%, signal=55%	
REACTOME_ERKS_ARE_INACTIVATED	REACTOME_ERKS_ARE_INACTIVATED		13	-0.62380546	-1.5129523	0.045045044	0.16862564	1.0	1679	tags=15%, list=8%, signal=17%	
REACTOME_LINOLEIC_ACID_LA_METABOLISM	REACTOME_LINOLEIC_ACID_LA_METABOLISM		8	-0.7032462	-1.5099849	0.047058824	0.17155874	1.0	1336	tags=50%, list=6%, signal=53%	
REACTOME_NR1H2_NR1H3_REGULATE_GENE_EXPRESSION_LINKED_TO_LIPOGENESIS	REACTOME_NR1H2_NR1H3_REGULATE_GENE_EXPRESSION_LINKED_TO_LIPOGENESIS		9	-0.6760901	-1.509806	0.036398467	0.1708544	1.0	2125	tags=56%, list=10%, signal=62%	
REACTOME_NR1H2_NR1H3_REGULATE_GENE_EXPRESSION_LINKED_TO_TRIGLYCERIDE_LIPOLYSIS_IN_ADIPOSE	REACTOME_NR1H2_NR1H3_REGULATE_GENE_EXPRESSION_LINKED_TO_TRIGLYCERIDE_LIPOLYSIS_IN_ADIPOSE		5	-0.8117543	-1.5089993	0.027944112	0.1710614	1.0	714	tags=40%, list=3%, signal=41%	
VALINE TO SUCCINYL-COA	VALINE TO SUCCINYL-COA		8	-0.7075918	-1.5088247	0.045816734	0.1703851	1.0	4429	tags=88%, list=21%, signal=111%	
REACTOME_ERYTHROPOIETIN_ACTIVATES_STAT5	REACTOME_ERYTHROPOIETIN_ACTIVATES_STAT5		6	-0.7523183	-1.5084305	0.03359684	0.17002368	1.0	744	tags=33%, list=4%, signal=35%	
REACTOME_LEISHMANIA_INFECTION	REACTOME_LEISHMANIA_INFECTION		213	-0.3652258	-1.5059094	0.0034722222	0.17257638	1.0	4523	tags=30%, list=22%, signal=38%	
REACTOME_SYNTHESIS_OF_16_20_HYDROXYEICOSATETRAENOIC_ACIDS_HETE	REACTOME_SYNTHESIS_OF_16_20_HYDROXYEICOSATETRAENOIC_ACIDS_HETE		8	-0.7114305	-1.5035802	0.06088561	0.17466512	1.0	1454	tags=38%, list=7%, signal=40%	
REACTOME_SIGNALING_BY_LEPTIN	REACTOME_SIGNALING_BY_LEPTIN		11	-0.647449	-1.5032476	0.038387716	0.1742109	1.0	2972	tags=55%, list=14%, signal=64%	
REACTOME_RHO_GTPASES_ACTIVATE_FORMINS	REACTOME_RHO_GTPASES_ACTIVATE_FORMINS		139	-0.38302928	-1.5017126	0.0051635113	0.17535605	1.0	4460	tags=27%, list=21%, signal=35%	
REACTOME_METABOLISM_OF_FAT_SOLUBLE_VITAMINS	REACTOME_METABOLISM_OF_FAT_SOLUBLE_VITAMINS		48	-0.45565557	-1.5009689	0.0154639175	0.17547998	1.0	2957	tags=35%, list=14%, signal=41%	
REACTOME_SULFUR_AMINO_ACID_METABOLISM	REACTOME_SULFUR_AMINO_ACID_METABOLISM		28	-0.51990056	-1.5008323	0.035587188	0.17479491	1.0	3389	tags=46%, list=16%, signal=55%	
REACTOME_MITOTIC_SPINDLE_CHECKPOINT	REACTOME_MITOTIC_SPINDLE_CHECKPOINT		111	-0.39391342	-1.4989052	0.014084507	0.17651112	1.0	4460	tags=25%, list=21%, signal=32%	
REACTOME_G_ALPHA_S_SIGNALLING_EVENTS	REACTOME_G_ALPHA_S_SIGNALLING_EVENTS		130	-0.38988853	-1.4949068	0.008944544	0.18116784	1.0	3465	tags=32%, list=17%, signal=39%	
REACTOME_PARASITE_INFECTION	REACTOME_PARASITE_INFECTION		116	-0.3866012	-1.4940325	0.0072859745	0.18156697	1.0	4791	tags=35%, list=23%, signal=46%	
REACTOME_SODIUM_CALCIUM_EXCHANGERS	REACTOME_SODIUM_CALCIUM_EXCHANGERS		10	-0.65658605	-1.4914644	0.047808766	0.18455139	1.0	3652	tags=40%, list=18%, signal=48%	
REACTOME_NR1H2_NR1H3_REGULATE_GENE_EXPRESSION_LINKED_TO_GLUCONEOGENESIS	REACTOME_NR1H2_NR1H3_REGULATE_GENE_EXPRESSION_LINKED_TO_GLUCONEOGENESIS		5	-0.80842394	-1.4883068	0.03515625	0.188484	1.0	2125	tags=60%, list=10%, signal=67%	
REACTOME_RORA_ACTIVATES_GENE_EXPRESSION	REACTOME_RORA_ACTIVATES_GENE_EXPRESSION		18	-0.5596794	-1.4873763	0.048148148	0.18894568	1.0	5914	tags=44%, list=28%, signal=62%	
REACTOME_GLYCOGEN_METABOLISM	REACTOME_GLYCOGEN_METABOLISM		25	-0.5149385	-1.4828403	0.046904314	0.1945806	1.0	4132	tags=48%, list=20%, signal=60%	
REACTOME_ERK_MAPK_TARGETS	REACTOME_ERK_MAPK_TARGETS		22	-0.533052	-1.4793677	0.05068226	0.19880469	1.0	2954	tags=23%, list=14%, signal=26%	
REACTOME_PEPTIDE_HORMONE_METABOLISM	REACTOME_PEPTIDE_HORMONE_METABOLISM		82	-0.4093859	-1.4790075	0.01058201	0.19840924	1.0	2611	tags=26%, list=13%, signal=29%	
REACTOME_AGGREPHAGY	REACTOME_AGGREPHAGY		43	-0.4638109	-1.4788022	0.03632887	0.19785962	1.0	5152	tags=42%, list=25%, signal=56%	
REACTOME_TYPE_I_HEMIDESMOSOME_ASSEMBLY	REACTOME_TYPE_I_HEMIDESMOSOME_ASSEMBLY		11	-0.62814033	-1.4765779	0.071428575	0.20018777	1.0	6540	tags=73%, list=31%, signal=106%	
LEUCINE DEGRADATION	LEUCINE DEGRADATION		6	-0.7399135	-1.47569	0.061657034	0.20067886	1.0	2335	tags=67%, list=11%, signal=75%	
REACTOME_INTERLEUKIN_27_SIGNALING	REACTOME_INTERLEUKIN_27_SIGNALING		11	-0.6207137	-1.4752283	0.0741483	0.20044263	1.0	4331	tags=45%, list=21%, signal=57%	
REACTOME_G_ALPHA_Q_SIGNALLING_EVENTS	REACTOME_G_ALPHA_Q_SIGNALLING_EVENTS		187	-0.36441725	-1.4748511	0.0049916804	0.20009533	1.0	2438	tags=22%, list=12%, signal=25%	
REACTOME_IRAK4_DEFICIENCY_TLR2_4	REACTOME_IRAK4_DEFICIENCY_TLR2_4		18	-0.55214417	-1.4696201	0.051660515	0.20719007	1.0	3034	tags=39%, list=15%, signal=45%	
REACTOME_CLASS_I_PEROXISOMAL_MEMBRANE_PROTEIN_IMPORT	REACTOME_CLASS_I_PEROXISOMAL_MEMBRANE_PROTEIN_IMPORT		20	-0.5468373	-1.4696133	0.03544776	0.2062219	1.0	6213	tags=50%, list=30%, signal=71%	
REACTOME_LDL_REMODELING	REACTOME_LDL_REMODELING		6	-0.7386372	-1.4634378	0.06759443	0.21498579	1.0	1368	tags=33%, list=7%, signal=36%	
REACTOME_TRAF6_MEDIATED_NF_KB_ACTIVATION	REACTOME_TRAF6_MEDIATED_NF_KB_ACTIVATION		25	-0.5142748	-1.4626671	0.052427184	0.21517704	1.0	4207	tags=28%, list=20%, signal=35%	
REACTOME_PURINERGIC_SIGNALING_IN_LEISHMANIASIS_INFECTION	REACTOME_PURINERGIC_SIGNALING_IN_LEISHMANIASIS_INFECTION		26	-0.50172544	-1.461079	0.044036698	0.21669683	1.0	1718	tags=23%, list=8%, signal=25%	
REACTOME_SYNTHESIS_OF_DOLICHYL_PHOSPHATE	REACTOME_SYNTHESIS_OF_DOLICHYL_PHOSPHATE		6	-0.76772964	-1.4605187	0.05510204	0.21668367	1.0	2904	tags=50%, list=14%, signal=58%	
REACTOME_CLASS_A_1_RHODOPSIN_LIKE_RECEPTORS	REACTOME_CLASS_A_1_RHODOPSIN_LIKE_RECEPTORS		266	-0.34682116	-1.457409	0.0034542314	0.22051805	1.0	2659	tags=28%, list=13%, signal=31%	
REACTOME_METABOLISM_OF_AMINE_DERIVED_HORMONES	REACTOME_METABOLISM_OF_AMINE_DERIVED_HORMONES		17	-0.55554616	-1.4562666	0.056838367	0.22141479	1.0	1987	tags=35%, list=10%, signal=39%	
REACTOME_SIGNALING_BY_CSF3_G_CSF	REACTOME_SIGNALING_BY_CSF3_G_CSF		30	-0.48815632	-1.4557377	0.032258064	0.22117741	1.0	6362	tags=53%, list=31%, signal=77%	
CONVERSION OF LEUCINE TO ACETYL-COA	CONVERSION OF LEUCINE TO ACETYL-COA		6	-0.7399135	-1.4550896	0.064386316	0.22133133	1.0	2335	tags=67%, list=11%, signal=75%	
REACTOME_PLATELET_SENSITIZATION_BY_LDL	REACTOME_PLATELET_SENSITIZATION_BY_LDL		17	-0.56218284	-1.4550607	0.079395086	0.22038011	1.0	4087	tags=35%, list=20%, signal=44%	
REACTOME_MTOR_SIGNALLING	REACTOME_MTOR_SIGNALLING		41	-0.44635952	-1.448671	0.037243947	0.22972383	1.0	4752	tags=41%, list=23%, signal=54%	
REACTOME_REGULATION_OF_IFNA_IFNB_SIGNALING	REACTOME_REGULATION_OF_IFNA_IFNB_SIGNALING		12	-0.6236761	-1.4474263	0.06346154	0.23109356	1.0	2972	tags=33%, list=14%, signal=39%	
REACTOME_ALPHA_OXIDATION_OF_PHYTANATE	REACTOME_ALPHA_OXIDATION_OF_PHYTANATE		6	-0.74101	-1.44358	0.052427184	0.23652752	1.0	5191	tags=83%, list=25%, signal=111%	
REACTOME_FREE_FATTY_ACID_RECEPTORS	REACTOME_FREE_FATTY_ACID_RECEPTORS		4	-0.8067713	-1.4431672	0.07114624	0.23628725	1.0	1273	tags=50%, list=6%, signal=53%	
REACTOME_INTERLEUKIN_6_FAMILY_SIGNALING	REACTOME_INTERLEUKIN_6_FAMILY_SIGNALING		23	-0.5163985	-1.4423867	0.0625	0.23649406	1.0	4331	tags=39%, list=21%, signal=49%	
REACTOME_DISEASES_ASSOCIATED_WITH_GLYCOSYLATION_PRECURSOR_BIOSYNTHESIS	REACTOME_DISEASES_ASSOCIATED_WITH_GLYCOSYLATION_PRECURSOR_BIOSYNTHESIS		15	-0.56864613	-1.4406797	0.07198443	0.23863314	1.0	4508	tags=33%, list=22%, signal=43%	
REACTOME_FOXO_MEDIATED_TRANSCRIPTION	REACTOME_FOXO_MEDIATED_TRANSCRIPTION		63	-0.41490293	-1.4402581	0.033707865	0.23836587	1.0	3231	tags=29%, list=16%, signal=34%	
REACTOME_SYNTHESIS_SECRETION_AND_INACTIVATION_OF_GLUCAGON_LIKE_PEPTIDE_1_GLP_1	REACTOME_SYNTHESIS_SECRETION_AND_INACTIVATION_OF_GLUCAGON_LIKE_PEPTIDE_1_GLP_1		19	-0.5307112	-1.4383631	0.068716094	0.24056742	1.0	1019	tags=16%, list=5%, signal=17%	
HOMOCYSTEINE DEGRADATION	HOMOCYSTEINE DEGRADATION		2	-0.9821394	-1.4370852	0.002	0.24179296	1.0	375	tags=100%, list=2%, signal=102%	
REACTOME_DEFECTIVE_GALNT3_CAUSES_HFTC	REACTOME_DEFECTIVE_GALNT3_CAUSES_HFTC		16	-0.5513233	-1.4367528	0.07692308	0.24127974	1.0	2854	tags=38%, list=14%, signal=43%	
REACTOME_GLUTATHIONE_CONJUGATION	REACTOME_GLUTATHIONE_CONJUGATION		34	-0.47620252	-1.4366539	0.041984733	0.2404329	1.0	2182	tags=35%, list=10%, signal=39%	
REACTOME_ABERRANT_REGULATION_OF_MITOTIC_G1_S_TRANSITION_IN_CANCER_DUE_TO_RB1_DEFECTS	REACTOME_ABERRANT_REGULATION_OF_MITOTIC_G1_S_TRANSITION_IN_CANCER_DUE_TO_RB1_DEFECTS		17	-0.54759943	-1.4361454	0.07606679	0.24029657	1.0	2938	tags=41%, list=14%, signal=48%	
REACTOME_PKA_MEDIATED_PHOSPHORYLATION_OF_CREB	REACTOME_PKA_MEDIATED_PHOSPHORYLATION_OF_CREB		19	-0.5377586	-1.435903	0.07414449	0.23966798	1.0	477	tags=16%, list=2%, signal=16%	
REACTOME_PKA_ACTIVATION_IN_GLUCAGON_SIGNALLING	REACTOME_PKA_ACTIVATION_IN_GLUCAGON_SIGNALLING		16	-0.5612814	-1.4338025	0.067307696	0.24210948	1.0	477	tags=19%, list=2%, signal=19%	
VALINE DEGRADATION	VALINE DEGRADATION		7	-0.69586116	-1.4335486	0.09311741	0.24145104	1.0	4429	tags=86%, list=21%, signal=109%	
REACTOME_DIGESTION_OF_DIETARY_CARBOHYDRATE	REACTOME_DIGESTION_OF_DIETARY_CARBOHYDRATE		8	-0.66630983	-1.4320076	0.09552845	0.24312451	1.0	3180	tags=63%, list=15%, signal=74%	
REACTOME_ACYL_CHAIN_REMODELING_OF_CL	REACTOME_ACYL_CHAIN_REMODELING_OF_CL		6	-0.72746265	-1.4316148	0.1	0.24285994	1.0	3971	tags=67%, list=19%, signal=82%	
REACTOME_MITOCHONDRIAL_BIOGENESIS	REACTOME_MITOCHONDRIAL_BIOGENESIS		93	-0.38841003	-1.4309428	0.019264448	0.24298431	1.0	5490	tags=41%, list=26%, signal=55%	
REACTOME_SEPARATION_OF_SISTER_CHROMATIDS	REACTOME_SEPARATION_OF_SISTER_CHROMATIDS		188	-0.34929755	-1.4236786	0.01188455	0.25430545	1.0	6457	tags=33%, list=31%, signal=47%	
REACTOME_METAL_SEQUESTRATION_BY_ANTIMICROBIAL_PROTEINS	REACTOME_METAL_SEQUESTRATION_BY_ANTIMICROBIAL_PROTEINS		5	-0.7505686	-1.4235047	0.06543967	0.25358757	1.0	493	tags=40%, list=2%, signal=41%	
SYNTHESIS OF ARGININE FROM GLUTAMINE	SYNTHESIS OF ARGININE FROM GLUTAMINE		5	-0.7541012	-1.4214988	0.055226825	0.2562577	1.0	4005	tags=80%, list=19%, signal=99%	
REACTOME_AQUAPORIN_MEDIATED_TRANSPORT	REACTOME_AQUAPORIN_MEDIATED_TRANSPORT		45	-0.43565425	-1.4214216	0.048543688	0.25534204	1.0	4375	tags=36%, list=21%, signal=45%	
REACTOME_ABACAVIR_ADME	REACTOME_ABACAVIR_ADME		9	-0.64343256	-1.4177353	0.08639706	0.26054016	1.0	3098	tags=44%, list=15%, signal=52%	
REACTOME_METABOLISM_OF_CARBOHYDRATES	REACTOME_METABOLISM_OF_CARBOHYDRATES		286	-0.3352445	-1.4172735	0.003241491	0.26022583	1.0	4477	tags=30%, list=21%, signal=38%	
REACTOME_SIGNALING_BY_ERYTHROPOIETIN	REACTOME_SIGNALING_BY_ERYTHROPOIETIN		24	-0.50797266	-1.4139642	0.07400379	0.26499727	1.0	5174	tags=46%, list=25%, signal=61%	
REACTOME_INTERLEUKIN_1_SIGNALING	REACTOME_INTERLEUKIN_1_SIGNALING		112	-0.3748315	-1.4115928	0.02112676	0.26821792	1.0	1065	tags=8%, list=5%, signal=8%	
REACTOME_COOPERATION_OF_PREFOLDIN_AND_TRIC_CCT_IN_ACTIN_AND_TUBULIN_FOLDING	REACTOME_COOPERATION_OF_PREFOLDIN_AND_TRIC_CCT_IN_ACTIN_AND_TUBULIN_FOLDING		32	-0.46563396	-1.4110701	0.05904059	0.2679701	1.0	3677	tags=31%, list=18%, signal=38%	
REACTOME_ASSEMBLY_OF_ACTIVE_LPL_AND_LIPC_LIPASE_COMPLEXES	REACTOME_ASSEMBLY_OF_ACTIVE_LPL_AND_LIPC_LIPASE_COMPLEXES		19	-0.51800966	-1.4043132	0.088	0.27901128	1.0	1455	tags=32%, list=7%, signal=34%	
BETA-ALANINE DEGRADATION	BETA-ALANINE DEGRADATION		2	-0.94094485	-1.4025923	0.051172707	0.28107622	1.0	1233	tags=100%, list=6%, signal=106%	
REACTOME_CROSS_PRESENTATION_OF_PARTICULATE_EXOGENOUS_ANTIGENS_PHAGOSOMES	REACTOME_CROSS_PRESENTATION_OF_PARTICULATE_EXOGENOUS_ANTIGENS_PHAGOSOMES		8	-0.65580153	-1.4018257	0.088176355	0.28137842	1.0	5516	tags=63%, list=26%, signal=85%	
REACTOME_TRANSCRIPTIONAL_ACTIVATION_OF_MITOCHONDRIAL_BIOGENESIS	REACTOME_TRANSCRIPTIONAL_ACTIVATION_OF_MITOCHONDRIAL_BIOGENESIS		54	-0.41303894	-1.4011081	0.04028021	0.2816345	1.0	5490	tags=39%, list=26%, signal=53%	
REACTOME_THYROXINE_BIOSYNTHESIS	REACTOME_THYROXINE_BIOSYNTHESIS		10	-0.6040172	-1.3989916	0.08793456	0.2849586	1.0	1987	tags=40%, list=10%, signal=44%	
REACTOME_SYNTHESIS_OF_BILE_ACIDS_AND_BILE_SALTS_VIA_7ALPHA_HYDROXYCHOLESTEROL	REACTOME_SYNTHESIS_OF_BILE_ACIDS_AND_BILE_SALTS_VIA_7ALPHA_HYDROXYCHOLESTEROL		24	-0.49299517	-1.39827	0.076620825	0.28507712	1.0	2503	tags=33%, list=12%, signal=38%	
REACTOME_SYNTHESIS_SECRETION_AND_DEACYLATION_OF_GHRELIN	REACTOME_SYNTHESIS_SECRETION_AND_DEACYLATION_OF_GHRELIN		18	-0.52320343	-1.3966041	0.09719626	0.2869317	1.0	2611	tags=33%, list=13%, signal=38%	
REACTOME_BETA_DEFENSINS	REACTOME_BETA_DEFENSINS		7	-0.67098737	-1.3954686	0.11023622	0.28796047	1.0	1766	tags=43%, list=8%, signal=47%	
REACTOME_FCERI_MEDIATED_NF_KB_ACTIVATION	REACTOME_FCERI_MEDIATED_NF_KB_ACTIVATION		134	-0.36161247	-1.3939819	0.025773196	0.28948733	1.0	3134	tags=22%, list=15%, signal=25%	
REACTOME_SYNTHESIS_OF_EPOXY_EET_AND_DIHYDROXYEICOSATRIENOIC_ACIDS_DHET	REACTOME_SYNTHESIS_OF_EPOXY_EET_AND_DIHYDROXYEICOSATRIENOIC_ACIDS_DHET		7	-0.68132985	-1.3937654	0.110687025	0.2888182	1.0	986	tags=43%, list=5%, signal=45%	
REACTOME_GPCR_LIGAND_BINDING	REACTOME_GPCR_LIGAND_BINDING		366	-0.32062414	-1.3904468	0.0	0.29440925	1.0	2659	tags=26%, list=13%, signal=29%	
REACTOME_NUCLEOTIDE_LIKE_PURINERGIC_RECEPTORS	REACTOME_NUCLEOTIDE_LIKE_PURINERGIC_RECEPTORS		15	-0.55886567	-1.3903322	0.102	0.29349315	1.0	2400	tags=47%, list=12%, signal=53%	
REACTOME_KINESINS	REACTOME_KINESINS		59	-0.40705636	-1.3902671	0.046153847	0.2925081	1.0	4125	tags=41%, list=20%, signal=51%	
TYROSINE TO ACETOACETATE AND FUMARATE	TYROSINE TO ACETOACETATE AND FUMARATE		4	-0.7850368	-1.3900912	0.08782435	0.29175672	1.0	1756	tags=50%, list=8%, signal=55%	
REACTOME_AMINO_ACID_CONJUGATION	REACTOME_AMINO_ACID_CONJUGATION		7	-0.67964005	-1.3883965	0.0970297	0.29384804	1.0	1335	tags=57%, list=6%, signal=61%	
REACTOME_PROPIONYL_COA_CATABOLISM	REACTOME_PROPIONYL_COA_CATABOLISM		5	-0.7401543	-1.3813957	0.10485437	0.30594745	1.0	2780	tags=60%, list=13%, signal=69%	
REACTOME_MYD88_INDEPENDENT_TLR4_CASCADE	REACTOME_MYD88_INDEPENDENT_TLR4_CASCADE		108	-0.36757568	-1.3801506	0.028318584	0.30727926	1.0	3225	tags=18%, list=15%, signal=21%	
REACTOME_CLEC7A_INFLAMMASOME_PATHWAY	REACTOME_CLEC7A_INFLAMMASOME_PATHWAY		6	-0.697732	-1.3794347	0.09730849	0.30750015	1.0	204	tags=17%, list=1%, signal=17%	
REACTOME_REGULATION_OF_FOXO_TRANSCRIPTIONAL_ACTIVITY_BY_ACETYLATION	REACTOME_REGULATION_OF_FOXO_TRANSCRIPTIONAL_ACTIVITY_BY_ACETYLATION		10	-0.6158774	-1.3786469	0.124497995	0.30802268	1.0	7290	tags=80%, list=35%, signal=123%	
REACTOME_BLOOD_GROUP_SYSTEMS_BIOSYNTHESIS	REACTOME_BLOOD_GROUP_SYSTEMS_BIOSYNTHESIS		21	-0.5026704	-1.3760012	0.10285714	0.311925	1.0	4477	tags=48%, list=21%, signal=61%	
REACTOME_KEAP1_NFE2L2_PATHWAY	REACTOME_KEAP1_NFE2L2_PATHWAY		105	-0.37087432	-1.3750205	0.033274956	0.31264296	1.0	6424	tags=42%, list=31%, signal=60%	
REACTOME_DEFECTIVE_C1GALT1C1_CAUSES_TNPS	REACTOME_DEFECTIVE_C1GALT1C1_CAUSES_TNPS		17	-0.5279228	-1.3741251	0.11720227	0.31326094	1.0	2854	tags=35%, list=14%, signal=41%	
REACTOME_DISEASES_OF_IMMUNE_SYSTEM	REACTOME_DISEASES_OF_IMMUNE_SYSTEM		31	-0.46029884	-1.3730794	0.07879925	0.3142674	1.0	6675	tags=52%, list=32%, signal=76%	
REACTOME_AMPK_INHIBITS_CHREBP_TRANSCRIPTIONAL_ACTIVATION_ACTIVITY	REACTOME_AMPK_INHIBITS_CHREBP_TRANSCRIPTIONAL_ACTIVATION_ACTIVITY		8	-0.6308414	-1.371003	0.11275416	0.31703925	1.0	3017	tags=50%, list=14%, signal=58%	
REACTOME_ESTABLISHMENT_OF_SISTER_CHROMATID_COHESION	REACTOME_ESTABLISHMENT_OF_SISTER_CHROMATID_COHESION		11	-0.5870119	-1.3662332	0.11293261	0.32557547	1.0	1815	tags=18%, list=9%, signal=20%	
REACTOME_FCGAMMA_RECEPTOR_FCGR_DEPENDENT_PHAGOCYTOSIS	REACTOME_FCGAMMA_RECEPTOR_FCGR_DEPENDENT_PHAGOCYTOSIS		143	-0.34886613	-1.3662012	0.013864818	0.32446522	1.0	4791	tags=36%, list=23%, signal=46%	
REACTOME_MITOTIC_METAPHASE_AND_ANAPHASE	REACTOME_MITOTIC_METAPHASE_AND_ANAPHASE		233	-0.3296387	-1.3656739	0.015100671	0.32432172	1.0	6490	tags=33%, list=31%, signal=47%	
REACTOME_METABOLISM_OF_INGESTED_SEMET_SEC_MESEC_INTO_H2SE	REACTOME_METABOLISM_OF_INGESTED_SEMET_SEC_MESEC_INTO_H2SE		8	-0.6398407	-1.3652786	0.11299435	0.32389072	1.0	375	tags=25%, list=2%, signal=25%	
REACTOME_PENTOSE_PHOSPHATE_PATHWAY	REACTOME_PENTOSE_PHOSPHATE_PATHWAY		13	-0.56860036	-1.3634557	0.111788616	0.32639235	1.0	2027	tags=31%, list=10%, signal=34%	
REACTOME_SYNTHESIS_OF_PE	REACTOME_SYNTHESIS_OF_PE		13	-0.5509541	-1.358249	0.10404624	0.33593118	1.0	3789	tags=54%, list=18%, signal=66%	
REACTOME_RRNA_PROCESSING_IN_THE_MITOCHONDRION	REACTOME_RRNA_PROCESSING_IN_THE_MITOCHONDRION		12	-0.5652957	-1.3553524	0.114119925	0.3404527	1.0	7627	tags=75%, list=37%, signal=118%	
REACTOME_TRANSLOCATION_OF_SLC2A4_GLUT4_TO_THE_PLASMA_MEMBRANE	REACTOME_TRANSLOCATION_OF_SLC2A4_GLUT4_TO_THE_PLASMA_MEMBRANE		71	-0.3837514	-1.3525163	0.049270075	0.3448173	1.0	3959	tags=28%, list=19%, signal=35%	
REACTOME_NUCLEAR_EVENTS_MEDIATED_BY_NFE2L2	REACTOME_NUCLEAR_EVENTS_MEDIATED_BY_NFE2L2		79	-0.3754763	-1.351257	0.06422018	0.34626943	1.0	2561	tags=20%, list=12%, signal=23%	
REACTOME_SYNTHESIS_OF_SUBSTRATES_IN_N_GLYCAN_BIOSYTHESIS	REACTOME_SYNTHESIS_OF_SUBSTRATES_IN_N_GLYCAN_BIOSYTHESIS		63	-0.39126217	-1.3504652	0.06032907	0.34651208	1.0	4520	tags=35%, list=22%, signal=44%	
REACTOME_CELL_SURFACE_INTERACTIONS_AT_THE_VASCULAR_WALL	REACTOME_CELL_SURFACE_INTERACTIONS_AT_THE_VASCULAR_WALL		183	-0.33226955	-1.3489332	0.02443281	0.34866285	1.0	4795	tags=37%, list=23%, signal=48%	
REACTOME_GLUCAGON_SIGNALING_IN_METABOLIC_REGULATION	REACTOME_GLUCAGON_SIGNALING_IN_METABOLIC_REGULATION		29	-0.4595811	-1.3469248	0.097826086	0.35163116	1.0	4229	tags=34%, list=20%, signal=43%	
REACTOME_G1_S_SPECIFIC_TRANSCRIPTION	REACTOME_G1_S_SPECIFIC_TRANSCRIPTION		29	-0.44792897	-1.3462754	0.09022556	0.3516703	1.0	4820	tags=41%, list=23%, signal=54%	
REACTOME_SERINE_BIOSYNTHESIS	REACTOME_SERINE_BIOSYNTHESIS		8	-0.62170035	-1.3453351	0.12127236	0.3523219	1.0	4217	tags=63%, list=20%, signal=78%	
REACTOME_INACTIVATION_OF_CSF3_G_CSF_SIGNALING	REACTOME_INACTIVATION_OF_CSF3_G_CSF_SIGNALING		25	-0.47154024	-1.3443741	0.10748561	0.35295027	1.0	6362	tags=48%, list=31%, signal=69%	
REACTOME_THE_ROLE_OF_GTSE1_IN_G2_M_PROGRESSION_AFTER_G2_CHECKPOINT	REACTOME_THE_ROLE_OF_GTSE1_IN_G2_M_PROGRESSION_AFTER_G2_CHECKPOINT		76	-0.37399262	-1.3431994	0.05263158	0.35404828	1.0	6424	tags=41%, list=31%, signal=59%	
REACTOME_DEGRADATION_OF_CYSTEINE_AND_HOMOCYSTEINE	REACTOME_DEGRADATION_OF_CYSTEINE_AND_HOMOCYSTEINE		15	-0.5290768	-1.3427937	0.12615955	0.3536787	1.0	2193	tags=47%, list=11%, signal=52%	
REACTOME_ERYTHROPOIETIN_ACTIVATES_RAS	REACTOME_ERYTHROPOIETIN_ACTIVATES_RAS		13	-0.55385864	-1.3403614	0.12151395	0.35789636	1.0	5174	tags=46%, list=25%, signal=61%	
REACTOME_ERYTHROPOIETIN_ACTIVATES_PHOSPHOINOSITIDE_3_KINASE_PI3K	REACTOME_ERYTHROPOIETIN_ACTIVATES_PHOSPHOINOSITIDE_3_KINASE_PI3K		11	-0.5770823	-1.3399864	0.116504855	0.35738885	1.0	4615	tags=55%, list=22%, signal=70%	
REACTOME_SIGNALING_BY_INTERLEUKINS	REACTOME_SIGNALING_BY_INTERLEUKINS		444	-0.30346507	-1.3377476	0.0060975607	0.36096415	1.0	3435	tags=21%, list=16%, signal=25%	
REACTOME_TOLL_LIKE_RECEPTOR_9_TLR9_CASCADE	REACTOME_TOLL_LIKE_RECEPTOR_9_TLR9_CASCADE		106	-0.35941634	-1.3366551	0.04347826	0.36201462	1.0	3225	tags=17%, list=15%, signal=20%	
REACTOME_FORMATION_OF_XYLULOSE_5_PHOSPHATE	REACTOME_FORMATION_OF_XYLULOSE_5_PHOSPHATE		5	-0.71516913	-1.3362573	0.13027523	0.3616572	1.0	263	tags=20%, list=1%, signal=20%	
REACTOME_ADENYLATE_CYCLASE_INHIBITORY_PATHWAY	REACTOME_ADENYLATE_CYCLASE_INHIBITORY_PATHWAY		14	-0.5302453	-1.3361609	0.11299435	0.36066526	1.0	3850	tags=43%, list=18%, signal=53%	
KREBS CYCLE - OXIDATIVE DECARBOXYLATION OF PYRUVATE	KREBS CYCLE - OXIDATIVE DECARBOXYLATION OF PYRUVATE		4	-0.76295453	-1.3360194	0.12673268	0.3597521	1.0	2317	tags=75%, list=11%, signal=84%	
REACTOME_SIGNALING_BY_GPCR	REACTOME_SIGNALING_BY_GPCR		595	-0.29381993	-1.3346786	0.0	0.36139378	1.0	3299	tags=24%, list=16%, signal=28%	
REACTOME_BETA_CATENIN_PHOSPHORYLATION_CASCADE	REACTOME_BETA_CATENIN_PHOSPHORYLATION_CASCADE		17	-0.511237	-1.3333882	0.12849163	0.36280227	1.0	6795	tags=47%, list=33%, signal=70%	
REACTOME_MELANIN_BIOSYNTHESIS	REACTOME_MELANIN_BIOSYNTHESIS		4	-0.74070877	-1.3331242	0.13203883	0.36212072	1.0	5405	tags=100%, list=26%, signal=135%	
REACTOME_MITOTIC_PROMETAPHASE	REACTOME_MITOTIC_PROMETAPHASE		202	-0.32691228	-1.3318769	0.020618556	0.36368373	1.0	4732	tags=24%, list=23%, signal=30%	
REACTOME_CD163_MEDIATING_AN_ANTI_INFLAMMATORY_RESPONSE	REACTOME_CD163_MEDIATING_AN_ANTI_INFLAMMATORY_RESPONSE		9	-0.604248	-1.3316593	0.1452206	0.3629895	1.0	1455	tags=33%, list=7%, signal=36%	
REACTOME_FC_EPSILON_RECEPTOR_FCERI_SIGNALING	REACTOME_FC_EPSILON_RECEPTOR_FCERI_SIGNALING		184	-0.33036885	-1.3291698	0.02739726	0.36718974	1.0	5179	tags=30%, list=25%, signal=40%	
REACTOME_TRNA_PROCESSING_IN_THE_MITOCHONDRION	REACTOME_TRNA_PROCESSING_IN_THE_MITOCHONDRION		7	-0.64955425	-1.3278025	0.15686275	0.36886626	1.0	6716	tags=71%, list=32%, signal=105%	
REACTOME_GLUCAGON_LIKE_PEPTIDE_1_GLP1_REGULATES_INSULIN_SECRETION	REACTOME_GLUCAGON_LIKE_PEPTIDE_1_GLP1_REGULATES_INSULIN_SECRETION		37	-0.42695403	-1.326387	0.08596491	0.3707065	1.0	2529	tags=24%, list=12%, signal=28%	
REACTOME_DEFENSINS	REACTOME_DEFENSINS		14	-0.5311258	-1.3246931	0.1452514	0.37303188	1.0	1766	tags=36%, list=8%, signal=39%	
REACTOME_SIGNALING_BY_FLT3_ITD_AND_TKD_MUTANTS	REACTOME_SIGNALING_BY_FLT3_ITD_AND_TKD_MUTANTS		16	-0.5148285	-1.3226445	0.13167939	0.3760099	1.0	5058	tags=56%, list=24%, signal=74%	
REACTOME_INSULIN_RECEPTOR_RECYCLING	REACTOME_INSULIN_RECEPTOR_RECYCLING		29	-0.44015318	-1.3222729	0.10285714	0.37559897	1.0	5989	tags=48%, list=29%, signal=68%	
REACTOME_E2F_MEDIATED_REGULATION_OF_DNA_REPLICATION	REACTOME_E2F_MEDIATED_REGULATION_OF_DNA_REPLICATION		22	-0.46936995	-1.3184665	0.13358779	0.3824499	1.0	5186	tags=32%, list=25%, signal=42%	
REACTOME_GLYCOGEN_SYNTHESIS	REACTOME_GLYCOGEN_SYNTHESIS		14	-0.5291289	-1.317953	0.14340344	0.3822833	1.0	3672	tags=50%, list=18%, signal=61%	
REACTOME_PHASE_3_RAPID_REPOLARISATION	REACTOME_PHASE_3_RAPID_REPOLARISATION		9	-0.583006	-1.3171178	0.12934363	0.3828137	1.0	1976	tags=33%, list=9%, signal=37%	
REACTOME_GLUCOCORTICOID_BIOSYNTHESIS	REACTOME_GLUCOCORTICOID_BIOSYNTHESIS		10	-0.57718426	-1.3140533	0.16190477	0.38822472	1.0	1858	tags=40%, list=9%, signal=44%	
REACTOME_SIGNALING_BY_NODAL	REACTOME_SIGNALING_BY_NODAL		18	-0.4914627	-1.3128039	0.12569316	0.3896174	1.0	1455	tags=17%, list=7%, signal=18%	
TYROSINE DEGRADATION	TYROSINE DEGRADATION		5	-0.69194025	-1.3124459	0.16666667	0.389154	1.0	1756	tags=40%, list=8%, signal=44%	
REACTOME_VISUAL_PHOTOTRANSDUCTION	REACTOME_VISUAL_PHOTOTRANSDUCTION		86	-0.36480904	-1.3112315	0.07918969	0.39062968	1.0	3815	tags=30%, list=18%, signal=37%	
REACTOME_BINDING_AND_UPTAKE_OF_LIGANDS_BY_SCAVENGER_RECEPTORS	REACTOME_BINDING_AND_UPTAKE_OF_LIGANDS_BY_SCAVENGER_RECEPTORS		98	-0.35194775	-1.3107111	0.06993007	0.39044714	1.0	3091	tags=35%, list=15%, signal=41%	
REACTOME_PHOSPHOLIPID_METABOLISM	REACTOME_PHOSPHOLIPID_METABOLISM		204	-0.32162312	-1.310661	0.031634446	0.38931578	1.0	3971	tags=25%, list=19%, signal=30%	
REACTOME_BASIGIN_INTERACTIONS	REACTOME_BASIGIN_INTERACTIONS		25	-0.4694415	-1.3097727	0.12264151	0.39013255	1.0	4795	tags=48%, list=23%, signal=62%	
SYNTHESIS OF PALMITOYL-COA	SYNTHESIS OF PALMITOYL-COA		5	-0.6877647	-1.3056353	0.1923077	0.39784858	1.0	2317	tags=60%, list=11%, signal=67%	
REACTOME_SIGNALING_BY_THE_B_CELL_RECEPTOR_BCR	REACTOME_SIGNALING_BY_THE_B_CELL_RECEPTOR_BCR		164	-0.32710627	-1.3050171	0.038664322	0.39795816	1.0	5174	tags=30%, list=25%, signal=39%	
REACTOME_VITAMIN_B1_THIAMIN_METABOLISM	REACTOME_VITAMIN_B1_THIAMIN_METABOLISM		5	-0.70677334	-1.3049983	0.17391305	0.39675722	1.0	1082	tags=40%, list=5%, signal=42%	
REACTOME_GDP_FUCOSE_BIOSYNTHESIS	REACTOME_GDP_FUCOSE_BIOSYNTHESIS		6	-0.6640255	-1.304286	0.1796875	0.3970517	1.0	3126	tags=50%, list=15%, signal=59%	
REACTOME_TRANSPORT_OF_VITAMINS_NUCLEOSIDES_AND_RELATED_MOLECULES	REACTOME_TRANSPORT_OF_VITAMINS_NUCLEOSIDES_AND_RELATED_MOLECULES		42	-0.40363866	-1.3031605	0.1101083	0.3982465	1.0	3785	tags=31%, list=18%, signal=38%	
REACTOME_REGULATION_OF_LOCALIZATION_OF_FOXO_TRANSCRIPTION_FACTORS	REACTOME_REGULATION_OF_LOCALIZATION_OF_FOXO_TRANSCRIPTION_FACTORS		12	-0.5556623	-1.3014036	0.14204545	0.4009951	1.0	4043	tags=58%, list=19%, signal=72%	
REACTOME_G_ALPHA_Z_SIGNALLING_EVENTS	REACTOME_G_ALPHA_Z_SIGNALLING_EVENTS		43	-0.39936855	-1.3008438	0.103896104	0.40099174	1.0	4169	tags=37%, list=20%, signal=46%	
REACTOME_P2Y_RECEPTORS	REACTOME_P2Y_RECEPTORS		11	-0.5561132	-1.3001587	0.1632653	0.4013715	1.0	3429	tags=55%, list=16%, signal=65%	
REACTOME_SIGNALING_BY_INSULIN_RECEPTOR	REACTOME_SIGNALING_BY_INSULIN_RECEPTOR		77	-0.36465955	-1.2977834	0.08290155	0.40506864	1.0	5262	tags=39%, list=25%, signal=52%	
REACTOME_SUMOYLATION_OF_INTRACELLULAR_RECEPTORS	REACTOME_SUMOYLATION_OF_INTRACELLULAR_RECEPTORS		30	-0.43303385	-1.2977079	0.13984674	0.4039479	1.0	3065	tags=30%, list=15%, signal=35%	
REACTOME_REACTIONS_SPECIFIC_TO_THE_COMPLEX_N_GLYCAN_SYNTHESIS_PATHWAY	REACTOME_REACTIONS_SPECIFIC_TO_THE_COMPLEX_N_GLYCAN_SYNTHESIS_PATHWAY		10	-0.5715577	-1.2974142	0.15169661	0.4033854	1.0	5531	tags=50%, list=27%, signal=68%	
REACTOME_INCRETIN_SYNTHESIS_SECRETION_AND_INACTIVATION	REACTOME_INCRETIN_SYNTHESIS_SECRETION_AND_INACTIVATION		21	-0.47125986	-1.2956284	0.1436464	0.40630555	1.0	1019	tags=14%, list=5%, signal=15%	
GLUTATHIONATE SYNTHESIS	GLUTATHIONATE SYNTHESIS		3	-0.7940432	-1.2943146	0.16117217	0.40785718	1.0	2182	tags=67%, list=10%, signal=74%	
REACTOME_LEUKOTRIENE_RECEPTORS	REACTOME_LEUKOTRIENE_RECEPTORS		5	-0.69426066	-1.293648	0.18664047	0.4081785	1.0	5630	tags=60%, list=27%, signal=82%	
REACTOME_TFAP2A_ACTS_AS_A_TRANSCRIPTIONAL_REPRESSOR_DURING_RETINOIC_ACID_INDUCED_CELL_DIFFERENTIATION	REACTOME_TFAP2A_ACTS_AS_A_TRANSCRIPTIONAL_REPRESSOR_DURING_RETINOIC_ACID_INDUCED_CELL_DIFFERENTIATION		5	-0.6839527	-1.2904332	0.19878297	0.4141423	1.0	2941	tags=40%, list=14%, signal=47%	
REACTOME_DISEASES_ASSOCIATED_WITH_N_GLYCOSYLATION_OF_PROTEINS	REACTOME_DISEASES_ASSOCIATED_WITH_N_GLYCOSYLATION_OF_PROTEINS		20	-0.46740338	-1.2902696	0.12941177	0.41324526	1.0	7480	tags=55%, list=36%, signal=86%	
REACTOME_MAPK_TARGETS_NUCLEAR_EVENTS_MEDIATED_BY_MAP_KINASES	REACTOME_MAPK_TARGETS_NUCLEAR_EVENTS_MEDIATED_BY_MAP_KINASES		31	-0.42909086	-1.2899929	0.13370998	0.4126525	1.0	2954	tags=23%, list=14%, signal=26%	
REACTOME_IMMUNOREGULATORY_INTERACTIONS_BETWEEN_A_LYMPHOID_AND_A_NON_LYMPHOID_CELL	REACTOME_IMMUNOREGULATORY_INTERACTIONS_BETWEEN_A_LYMPHOID_AND_A_NON_LYMPHOID_CELL		181	-0.3171183	-1.28995	0.04152249	0.41153264	1.0	3214	tags=31%, list=15%, signal=36%	
REACTOME_SOS_MEDIATED_SIGNALLING	REACTOME_SOS_MEDIATED_SIGNALLING		7	-0.6233592	-1.289832	0.17892644	0.4105493	1.0	1848	tags=29%, list=9%, signal=31%	
REACTOME_SCAVENGING_OF_HEME_FROM_PLASMA	REACTOME_SCAVENGING_OF_HEME_FROM_PLASMA		69	-0.3707035	-1.2887175	0.082862526	0.41194782	1.0	3091	tags=38%, list=15%, signal=44%	
SYNTHESIS OF ACETONE	SYNTHESIS OF ACETONE		5	-0.6877647	-1.2881031	0.21526419	0.4120843	1.0	2317	tags=60%, list=11%, signal=67%	
REACTOME_IRS_MEDIATED_SIGNALLING	REACTOME_IRS_MEDIATED_SIGNALLING		44	-0.396843	-1.2851013	0.10392157	0.4177417	1.0	2034	tags=23%, list=10%, signal=25%	
REACTOME_DEFECTIVE_LFNG_CAUSES_SCDO3	REACTOME_DEFECTIVE_LFNG_CAUSES_SCDO3		5	-0.6638147	-1.2839915	0.21516393	0.4191069	1.0	6015	tags=60%, list=29%, signal=84%	
REACTOME_SIGNALING_BY_TYPE_1_INSULIN_LIKE_GROWTH_FACTOR_1_RECEPTOR_IGF1R	REACTOME_SIGNALING_BY_TYPE_1_INSULIN_LIKE_GROWTH_FACTOR_1_RECEPTOR_IGF1R		50	-0.38381776	-1.2831638	0.12660551	0.41964617	1.0	2316	tags=24%, list=11%, signal=27%	
(R)-3-HYDROXYBUTANOATE SYNTHESIS	(R)-3-HYDROXYBUTANOATE SYNTHESIS		5	-0.6877647	-1.2818744	0.17988394	0.4211948	1.0	2317	tags=60%, list=11%, signal=67%	
REACTOME_BIOSYNTHESIS_OF_THE_N_GLYCAN_PRECURSOR_DOLICHOL_LIPID_LINKED_OLIGOSACCHARIDE_LLO_AND_TRANSFER_TO_A_NASCENT_PROTEIN	REACTOME_BIOSYNTHESIS_OF_THE_N_GLYCAN_PRECURSOR_DOLICHOL_LIPID_LINKED_OLIGOSACCHARIDE_LLO_AND_TRANSFER_TO_A_NASCENT_PROTEIN		78	-0.36020508	-1.2815763	0.08884688	0.4206096	1.0	4520	tags=31%, list=22%, signal=39%	
REACTOME_HORMONE_LIGAND_BINDING_RECEPTORS	REACTOME_HORMONE_LIGAND_BINDING_RECEPTORS		9	-0.58443946	-1.2797557	0.17829457	0.42353606	1.0	2537	tags=44%, list=12%, signal=51%	
REACTOME_UNWINDING_OF_DNA	REACTOME_UNWINDING_OF_DNA		12	-0.54159516	-1.2781851	0.15936953	0.4258688	1.0	6765	tags=67%, list=32%, signal=99%	
REACTOME_CARBOXYTERMINAL_POST_TRANSLATIONAL_MODIFICATIONS_OF_TUBULIN	REACTOME_CARBOXYTERMINAL_POST_TRANSLATIONAL_MODIFICATIONS_OF_TUBULIN		44	-0.39568505	-1.2774211	0.108499095	0.42649686	1.0	3677	tags=32%, list=18%, signal=39%	
REACTOME_ACTIVATION_OF_THE_PHOTOTRANSDUCTION_CASCADE	REACTOME_ACTIVATION_OF_THE_PHOTOTRANSDUCTION_CASCADE		7	-0.6254828	-1.2754456	0.20930232	0.4296197	1.0	4359	tags=43%, list=21%, signal=54%	
REACTOME_MUSCARINIC_ACETYLCHOLINE_RECEPTORS	REACTOME_MUSCARINIC_ACETYLCHOLINE_RECEPTORS		5	-0.6873079	-1.2737612	0.20362903	0.43216836	1.0	4628	tags=80%, list=22%, signal=103%	
REACTOME_TYROSINE_CATABOLISM	REACTOME_TYROSINE_CATABOLISM		5	-0.6820374	-1.2729944	0.22077923	0.43262944	1.0	1756	tags=40%, list=8%, signal=44%	
REACTOME_REGULATION_OF_INSULIN_SECRETION	REACTOME_REGULATION_OF_INSULIN_SECRETION		73	-0.36149374	-1.269384	0.097826086	0.4395549	1.0	3088	tags=25%, list=15%, signal=29%	
REACTOME_PASSIVE_TRANSPORT_BY_AQUAPORINS	REACTOME_PASSIVE_TRANSPORT_BY_AQUAPORINS		11	-0.5413471	-1.2665001	0.18235295	0.44497976	1.0	5505	tags=64%, list=26%, signal=86%	
REACTOME_ATTACHMENT_AND_ENTRY	REACTOME_ATTACHMENT_AND_ENTRY		19	-0.4638234	-1.2657452	0.17330678	0.44555253	1.0	3471	tags=42%, list=17%, signal=50%	
REACTOME_INSULIN_RECEPTOR_SIGNALLING_CASCADE	REACTOME_INSULIN_RECEPTOR_SIGNALLING_CASCADE		50	-0.38710886	-1.2633063	0.12862319	0.44981408	1.0	2034	tags=22%, list=10%, signal=24%	
REACTOME_RUNX1_REGULATES_ESTROGEN_RECEPTOR_MEDIATED_TRANSCRIPTION	REACTOME_RUNX1_REGULATES_ESTROGEN_RECEPTOR_MEDIATED_TRANSCRIPTION		6	-0.6405628	-1.2631123	0.21146245	0.4489843	1.0	94	tags=17%, list=0%, signal=17%	
HYDROXYMETHYLGLUTARYL-COA SYNTHESIS	HYDROXYMETHYLGLUTARYL-COA SYNTHESIS		5	-0.6877647	-1.2630903	0.21010101	0.44777453	1.0	2317	tags=60%, list=11%, signal=67%	
REACTOME_SYNTHESIS_OF_BILE_ACIDS_AND_BILE_SALTS	REACTOME_SYNTHESIS_OF_BILE_ACIDS_AND_BILE_SALTS		34	-0.4103896	-1.2626905	0.12792793	0.44743	1.0	1701	tags=21%, list=8%, signal=22%	
REACTOME_METABOLIC_DISORDERS_OF_BIOLOGICAL_OXIDATION_ENZYMES	REACTOME_METABOLIC_DISORDERS_OF_BIOLOGICAL_OXIDATION_ENZYMES		34	-0.41580695	-1.261359	0.13878328	0.44913274	1.0	2602	tags=29%, list=12%, signal=34%	
REACTOME_EXTRA_NUCLEAR_ESTROGEN_SIGNALING	REACTOME_EXTRA_NUCLEAR_ESTROGEN_SIGNALING		71	-0.36034474	-1.2603506	0.12054329	0.4502576	1.0	4615	tags=37%, list=22%, signal=47%	
REACTOME_SCAVENGING_BY_CLASS_F_RECEPTORS	REACTOME_SCAVENGING_BY_CLASS_F_RECEPTORS		6	-0.63327384	-1.2592567	0.23619048	0.45160264	1.0	5830	tags=50%, list=28%, signal=69%	
REACTOME_SYNTHESIS_OF_5_EICOSATETRAENOIC_ACIDS	REACTOME_SYNTHESIS_OF_5_EICOSATETRAENOIC_ACIDS		8	-0.59334344	-1.2587689	0.21807465	0.45142186	1.0	3025	tags=63%, list=15%, signal=73%	
REACTOME_AUTOPHAGY	REACTOME_AUTOPHAGY		150	-0.3188201	-1.2586447	0.06690141	0.45050216	1.0	6116	tags=37%, list=29%, signal=52%	
REACTOME_TRANSCRIPTIONAL_REGULATION_BY_THE_AP_2_TFAP2_FAMILY_OF_TRANSCRIPTION_FACTORS	REACTOME_TRANSCRIPTIONAL_REGULATION_BY_THE_AP_2_TFAP2_FAMILY_OF_TRANSCRIPTION_FACTORS		34	-0.4076546	-1.2575969	0.13178295	0.45160252	1.0	5914	tags=44%, list=28%, signal=62%	
REACTOME_RELAXIN_RECEPTORS	REACTOME_RELAXIN_RECEPTORS		3	-0.75577927	-1.2575749	0.20474137	0.45042455	1.0	25	tags=33%, list=0%, signal=33%	
REACTOME_NR1H2_NR1H3_REGULATE_GENE_EXPRESSION_TO_CONTROL_BILE_ACID_HOMEOSTASIS	REACTOME_NR1H2_NR1H3_REGULATE_GENE_EXPRESSION_TO_CONTROL_BILE_ACID_HOMEOSTASIS		8	-0.58284795	-1.2567656	0.20907298	0.45111066	1.0	5731	tags=50%, list=28%, signal=69%	
REACTOME_ZINC_EFFLUX_AND_COMPARTMENTALIZATION_BY_THE_SLC30_FAMILY	REACTOME_ZINC_EFFLUX_AND_COMPARTMENTALIZATION_BY_THE_SLC30_FAMILY		5	-0.67431843	-1.2565857	0.20338982	0.45022056	1.0	5532	tags=80%, list=27%, signal=109%	
SYNTHESIS OF MALONYL-COA	SYNTHESIS OF MALONYL-COA		5	-0.6877647	-1.2564403	0.19723865	0.44931874	1.0	2317	tags=60%, list=11%, signal=67%	
REACTOME_AMINO_ACIDS_REGULATE_MTORC1	REACTOME_AMINO_ACIDS_REGULATE_MTORC1		54	-0.37779862	-1.2559918	0.134357	0.44908205	1.0	5989	tags=41%, list=29%, signal=57%	
REACTOME_DISEASES_OF_MITOTIC_CELL_CYCLE	REACTOME_DISEASES_OF_MITOTIC_CELL_CYCLE		38	-0.39600357	-1.2555017	0.13211009	0.44901738	1.0	2938	tags=21%, list=14%, signal=24%	
REACTOME_INTERLEUKIN_3_INTERLEUKIN_5_AND_GM_CSF_SIGNALING	REACTOME_INTERLEUKIN_3_INTERLEUKIN_5_AND_GM_CSF_SIGNALING		46	-0.3884442	-1.2554946	0.12149533	0.44783485	1.0	6362	tags=50%, list=31%, signal=72%	
REACTOME_NONCANONICAL_ACTIVATION_OF_NOTCH3	REACTOME_NONCANONICAL_ACTIVATION_OF_NOTCH3		8	-0.5869698	-1.2544641	0.1845238	0.44893095	1.0	7758	tags=75%, list=37%, signal=119%	
REACTOME_WNT5A_DEPENDENT_INTERNALIZATION_OF_FZD4	REACTOME_WNT5A_DEPENDENT_INTERNALIZATION_OF_FZD4		15	-0.4986588	-1.2524862	0.16566867	0.45226133	1.0	6856	tags=53%, list=33%, signal=79%	
ACETOACETATE SYNTHESIS	ACETOACETATE SYNTHESIS		5	-0.6877647	-1.2521853	0.19762845	0.45177114	1.0	2317	tags=60%, list=11%, signal=67%	
REACTOME_RRNA_MODIFICATION_IN_THE_NUCLEUS_AND_CYTOSOL	REACTOME_RRNA_MODIFICATION_IN_THE_NUCLEUS_AND_CYTOSOL		60	-0.36434537	-1.2513286	0.1283906	0.45255685	1.0	8691	tags=53%, list=42%, signal=91%	
REACTOME_STAT5_ACTIVATION_DOWNSTREAM_OF_FLT3_ITD_MUTANTS	REACTOME_STAT5_ACTIVATION_DOWNSTREAM_OF_FLT3_ITD_MUTANTS		10	-0.54018134	-1.2511469	0.20625	0.4518043	1.0	5058	tags=70%, list=24%, signal=92%	
REACTOME_NUCLEAR_ENVELOPE_NE_REASSEMBLY	REACTOME_NUCLEAR_ENVELOPE_NE_REASSEMBLY		75	-0.3538963	-1.2487108	0.13412228	0.45623237	1.0	5938	tags=31%, list=29%, signal=43%	
REACTOME_SELECTIVE_AUTOPHAGY	REACTOME_SELECTIVE_AUTOPHAGY		81	-0.3472723	-1.248344	0.11342155	0.4558388	1.0	6116	tags=40%, list=29%, signal=56%	
REACTOME_GPER1_SIGNALING	REACTOME_GPER1_SIGNALING		40	-0.3987259	-1.2473896	0.140255	0.45678353	1.0	4229	tags=35%, list=20%, signal=44%	
REACTOME_METABOLISM_OF_STEROID_HORMONES	REACTOME_METABOLISM_OF_STEROID_HORMONES		34	-0.40994027	-1.245134	0.15992647	0.460879	1.0	2077	tags=26%, list=10%, signal=29%	
REACTOME_ERYTHROPOIETIN_ACTIVATES_PHOSPHOLIPASE_C_GAMMA_PLCG	REACTOME_ERYTHROPOIETIN_ACTIVATES_PHOSPHOLIPASE_C_GAMMA_PLCG		6	-0.6349299	-1.2450231	0.22007722	0.45990813	1.0	490	tags=17%, list=2%, signal=17%	
DEGRADATION OF S2L2FN2M2MASN	DEGRADATION OF S2L2FN2M2MASN		7	-0.59908175	-1.2407482	0.21643287	0.46839163	1.0	6684	tags=57%, list=32%, signal=84%	
REACTOME_UPTAKE_AND_FUNCTION_OF_ANTHRAX_TOXINS	REACTOME_UPTAKE_AND_FUNCTION_OF_ANTHRAX_TOXINS		11	-0.5241737	-1.2400609	0.22330096	0.46886864	1.0	2260	tags=27%, list=11%, signal=31%	
REACTOME_INTERLEUKIN_RECEPTOR_SHC_SIGNALING	REACTOME_INTERLEUKIN_RECEPTOR_SHC_SIGNALING		25	-0.43972024	-1.2399905	0.18039216	0.46781635	1.0	6208	tags=56%, list=30%, signal=80%	
REACTOME_REGULATION_OF_FZD_BY_UBIQUITINATION	REACTOME_REGULATION_OF_FZD_BY_UBIQUITINATION		21	-0.4550145	-1.239886	0.18829982	0.46687004	1.0	3199	tags=33%, list=15%, signal=39%	
REACTOME_VLDL_ASSEMBLY	REACTOME_VLDL_ASSEMBLY		5	-0.64693516	-1.2368342	0.234714	0.47259694	1.0	1368	tags=40%, list=7%, signal=43%	
REACTOME_G_ALPHA_I_SIGNALLING_EVENTS	REACTOME_G_ALPHA_I_SIGNALLING_EVENTS		253	-0.2959964	-1.2353643	0.061962135	0.47484422	1.0	2529	tags=22%, list=12%, signal=24%	
REACTOME_STAT5_ACTIVATION	REACTOME_STAT5_ACTIVATION		7	-0.6063867	-1.2347984	0.24667932	0.4749347	1.0	2034	tags=43%, list=10%, signal=47%	
REACTOME_ROS_AND_RNS_PRODUCTION_IN_PHAGOCYTES	REACTOME_ROS_AND_RNS_PRODUCTION_IN_PHAGOCYTES		35	-0.40474504	-1.2331293	0.17527676	0.47747767	1.0	5989	tags=54%, list=29%, signal=76%	
REACTOME_COBALAMIN_CBL_METABOLISM	REACTOME_COBALAMIN_CBL_METABOLISM		7	-0.6148146	-1.2330178	0.22586873	0.47655898	1.0	5370	tags=57%, list=26%, signal=77%	
REACTOME_DARPP_32_EVENTS	REACTOME_DARPP_32_EVENTS		23	-0.43661118	-1.232777	0.18874773	0.47587135	1.0	1679	tags=13%, list=8%, signal=14%	
REACTOME_CELLULAR_RESPONSE_TO_CHEMICAL_STRESS	REACTOME_CELLULAR_RESPONSE_TO_CHEMICAL_STRESS		193	-0.3032779	-1.2322717	0.0713073	0.47581872	1.0	5541	tags=38%, list=27%, signal=52%	
REACTOME_BIOSYNTHESIS_OF_MARESINS	REACTOME_BIOSYNTHESIS_OF_MARESINS		8	-0.57893443	-1.2316757	0.21814671	0.47601387	1.0	1228	tags=38%, list=6%, signal=40%	
REACTOME_NR1H2_NR1H3_REGULATE_GENE_EXPRESSION_TO_LIMIT_CHOLESTEROL_UPTAKE	REACTOME_NR1H2_NR1H3_REGULATE_GENE_EXPRESSION_TO_LIMIT_CHOLESTEROL_UPTAKE		5	-0.64451057	-1.229777	0.24339622	0.47909603	1.0	5707	tags=60%, list=27%, signal=83%	
STARCH DEGRADATION	STARCH DEGRADATION		2	-0.8474649	-1.2291467	0.1986755	0.47944045	1.0	3180	tags=100%, list=15%, signal=118%	
CONVERSION OF HISTIDINE TO GLUTAMATE	CONVERSION OF HISTIDINE TO GLUTAMATE		4	-0.69574016	-1.2270197	0.22807017	0.4832631	1.0	865	tags=25%, list=4%, signal=26%	
LINOLEATE DEGRADATION	LINOLEATE DEGRADATION		9	-0.55599797	-1.2269485	0.22986248	0.482197	1.0	7319	tags=56%, list=35%, signal=86%	
CONVERSION OF ASPARTATE TO ARGININE	CONVERSION OF ASPARTATE TO ARGININE		2	-0.80785483	-1.2262367	0.22567287	0.48264885	1.0	4005	tags=100%, list=19%, signal=124%	
REACTOME_TRANSPORT_OF_INORGANIC_CATIONS_ANIONS_AND_AMINO_ACIDS_OLIGOPEPTIDES	REACTOME_TRANSPORT_OF_INORGANIC_CATIONS_ANIONS_AND_AMINO_ACIDS_OLIGOPEPTIDES		102	-0.3260681	-1.2255186	0.10877193	0.48318577	1.0	925	tags=12%, list=4%, signal=12%	
REACTOME_METABOLISM_OF_COFACTORS	REACTOME_METABOLISM_OF_COFACTORS		19	-0.4570047	-1.2221239	0.22574258	0.49008173	1.0	4777	tags=47%, list=23%, signal=61%	
REACTOME_SIGNALING_BY_NTRKS	REACTOME_SIGNALING_BY_NTRKS		133	-0.31822467	-1.2206379	0.10211267	0.4925747	1.0	3374	tags=20%, list=16%, signal=23%	
REACTOME_INTERLEUKIN_1_FAMILY_SIGNALING	REACTOME_INTERLEUKIN_1_FAMILY_SIGNALING		148	-0.3101883	-1.2197138	0.09466437	0.49359137	1.0	2172	tags=10%, list=10%, signal=11%	
KERATAN SULFATE DEGRADATION	KERATAN SULFATE DEGRADATION		6	-0.6191067	-1.2195185	0.25813007	0.49281323	1.0	6684	tags=67%, list=32%, signal=98%	
REACTOME_GOLGI_CISTERNAE_PERICENTRIOLAR_STACK_REORGANIZATION	REACTOME_GOLGI_CISTERNAE_PERICENTRIOLAR_STACK_REORGANIZATION		14	-0.48619574	-1.2192866	0.21387284	0.4921736	1.0	4653	tags=36%, list=22%, signal=46%	
REACTOME_ACYL_CHAIN_REMODELLING_OF_PE	REACTOME_ACYL_CHAIN_REMODELLING_OF_PE		26	-0.42344224	-1.2187288	0.17714286	0.49224922	1.0	3796	tags=38%, list=18%, signal=47%	
REACTOME_CYCLIN_A_B1_B2_ASSOCIATED_EVENTS_DURING_G2_M_TRANSITION	REACTOME_CYCLIN_A_B1_B2_ASSOCIATED_EVENTS_DURING_G2_M_TRANSITION		25	-0.42837846	-1.2163785	0.19281663	0.49678367	1.0	2078	tags=20%, list=10%, signal=22%	
REACTOME_VITAMIN_B2_RIBOFLAVIN_METABOLISM	REACTOME_VITAMIN_B2_RIBOFLAVIN_METABOLISM		7	-0.59655637	-1.2152221	0.24635036	0.4982715	1.0	4908	tags=57%, list=24%, signal=75%	
REACTOME_ACETYLCHOLINE_INHIBITS_CONTRACTION_OF_OUTER_HAIR_CELLS	REACTOME_ACETYLCHOLINE_INHIBITS_CONTRACTION_OF_OUTER_HAIR_CELLS		4	-0.6794388	-1.2150482	0.23446894	0.49745035	1.0	4258	tags=50%, list=20%, signal=63%	
REACTOME_PI3K_AKT_ACTIVATION	REACTOME_PI3K_AKT_ACTIVATION		9	-0.5491246	-1.214785	0.2189781	0.49685264	1.0	1952	tags=33%, list=9%, signal=37%	
REACTOME_VASOPRESSIN_LIKE_RECEPTORS	REACTOME_VASOPRESSIN_LIKE_RECEPTORS		6	-0.6007723	-1.2147055	0.23449612	0.4958021	1.0	2659	tags=67%, list=13%, signal=76%	
REACTOME_ADORA2B_MEDIATED_ANTI_INFLAMMATORY_CYTOKINES_PRODUCTION	REACTOME_ADORA2B_MEDIATED_ANTI_INFLAMMATORY_CYTOKINES_PRODUCTION		38	-0.387115	-1.2145938	0.17142858	0.4948251	1.0	4229	tags=29%, list=20%, signal=36%	
REACTOME_DETOXIFICATION_OF_REACTIVE_OXYGEN_SPECIES	REACTOME_DETOXIFICATION_OF_REACTIVE_OXYGEN_SPECIES		34	-0.4001509	-1.213933	0.1876209	0.49509993	1.0	5516	tags=47%, list=26%, signal=64%	
BIOSYNTHESIS OF M4MPDOL_U	BIOSYNTHESIS OF M4MPDOL_U		5	-0.6506895	-1.2131197	0.25581396	0.49586746	1.0	6632	tags=60%, list=32%, signal=88%	
REACTOME_DRUG_MEDIATED_INHIBITION_OF_CDK4_CDK6_ACTIVITY	REACTOME_DRUG_MEDIATED_INHIBITION_OF_CDK4_CDK6_ACTIVITY		5	-0.64067334	-1.2120605	0.27671754	0.49723834	1.0	2798	tags=40%, list=13%, signal=46%	
REACTOME_TAK1_DEPENDENT_IKK_AND_NF_KAPPA_B_ACTIVATION	REACTOME_TAK1_DEPENDENT_IKK_AND_NF_KAPPA_B_ACTIVATION		44	-0.3680095	-1.2114934	0.1904762	0.49739018	1.0	1030	tags=9%, list=5%, signal=10%	
OXIDATIVE PHOSPHORYLATION VIA SUCCINATE-COENZYME Q OXIDOREDUCTASE (COMPLEX II)	OXIDATIVE PHOSPHORYLATION VIA SUCCINATE-COENZYME Q OXIDOREDUCTASE (COMPLEX II)		4	-0.6948196	-1.21077	0.262	0.49790236	1.0	4811	tags=75%, list=23%, signal=98%	
REACTOME_ORGANIC_CATION_TRANSPORT	REACTOME_ORGANIC_CATION_TRANSPORT		9	-0.55418396	-1.2107359	0.23856859	0.4967791	1.0	4246	tags=44%, list=20%, signal=56%	
REACTOME_LAMININ_INTERACTIONS	REACTOME_LAMININ_INTERACTIONS		30	-0.4079715	-1.2082069	0.20342205	0.50157124	1.0	3479	tags=33%, list=17%, signal=40%	
REACTOME_SLC_MEDIATED_TRANSMEMBRANE_TRANSPORT	REACTOME_SLC_MEDIATED_TRANSMEMBRANE_TRANSPORT		236	-0.2899349	-1.2079083	0.07445008	0.50115323	1.0	3147	tags=22%, list=15%, signal=26%	
REACTOME_REGULATION_OF_SIGNALING_BY_NODAL	REACTOME_REGULATION_OF_SIGNALING_BY_NODAL		9	-0.54758704	-1.2070162	0.2349624	0.5021464	1.0	1400	tags=22%, list=7%, signal=24%	
REACTOME_SYNTHESIS_OF_GLYCOSYLPHOSPHATIDYLINOSITOL_GPI	REACTOME_SYNTHESIS_OF_GLYCOSYLPHOSPHATIDYLINOSITOL_GPI		17	-0.4619682	-1.206405	0.21167883	0.5023934	1.0	5536	tags=35%, list=27%, signal=48%	
REACTOME_VASOPRESSIN_REGULATES_RENAL_WATER_HOMEOSTASIS_VIA_AQUAPORINS	REACTOME_VASOPRESSIN_REGULATES_RENAL_WATER_HOMEOSTASIS_VIA_AQUAPORINS		38	-0.3852845	-1.2046208	0.20593692	0.5055224	1.0	2659	tags=21%, list=13%, signal=24%	
REACTOME_TERMINAL_PATHWAY_OF_COMPLEMENT	REACTOME_TERMINAL_PATHWAY_OF_COMPLEMENT		8	-0.5651546	-1.2037772	0.24907748	0.5063812	1.0	3630	tags=63%, list=17%, signal=76%	
REACTOME_EGFR_TRANSACTIVATION_BY_GASTRIN	REACTOME_EGFR_TRANSACTIVATION_BY_GASTRIN		9	-0.5424714	-1.2035102	0.24277456	0.5058318	1.0	8	tags=11%, list=0%, signal=11%	
REACTOME_ABC_TRANSPORTERS_IN_LIPID_HOMEOSTASIS	REACTOME_ABC_TRANSPORTERS_IN_LIPID_HOMEOSTASIS		18	-0.45025086	-1.20239	0.23978686	0.50719994	1.0	2147	tags=28%, list=10%, signal=31%	
REACTOME_GASTRIN_CREB_SIGNALLING_PATHWAY_VIA_PKC_AND_MAPK	REACTOME_GASTRIN_CREB_SIGNALLING_PATHWAY_VIA_PKC_AND_MAPK		17	-0.45796344	-1.2007067	0.22690763	0.5100206	1.0	1246	tags=12%, list=6%, signal=13%	
REACTOME_MITOTIC_TELOPHASE_CYTOKINESIS	REACTOME_MITOTIC_TELOPHASE_CYTOKINESIS		13	-0.49670857	-1.200638	0.22924902	0.5090201	1.0	2036	tags=15%, list=10%, signal=17%	
REACTOME_GLYCOGEN_STORAGE_DISEASES	REACTOME_GLYCOGEN_STORAGE_DISEASES		16	-0.47734424	-1.1994164	0.2434457	0.51078004	1.0	5152	tags=56%, list=25%, signal=75%	
REACTOME_INTERLEUKIN_10_SIGNALING	REACTOME_INTERLEUKIN_10_SIGNALING		45	-0.36977977	-1.199382	0.18546845	0.5097211	1.0	860	tags=18%, list=4%, signal=19%	
REACTOME_ARACHIDONATE_PRODUCTION_FROM_DAG	REACTOME_ARACHIDONATE_PRODUCTION_FROM_DAG		5	-0.63987964	-1.1941029	0.28316832	0.52105546	1.0	4427	tags=40%, list=21%, signal=51%	
REACTOME_INTERLEUKIN_17_SIGNALING	REACTOME_INTERLEUKIN_17_SIGNALING		68	-0.34299305	-1.1932144	0.17719299	0.52204293	1.0	2954	tags=16%, list=14%, signal=19%	
REACTOME_AFLATOXIN_ACTIVATION_AND_DETOXIFICATION	REACTOME_AFLATOXIN_ACTIVATION_AND_DETOXIFICATION		18	-0.4504969	-1.1928947	0.23207547	0.5216018	1.0	1666	tags=28%, list=8%, signal=30%	
REACTOME_PHOSPHORYLATION_OF_EMI1	REACTOME_PHOSPHORYLATION_OF_EMI1		6	-0.61690974	-1.1928154	0.28425357	0.52058035	1.0	5435	tags=67%, list=26%, signal=90%	
REACTOME_SYNTHESIS_OF_UDP_N_ACETYL_GLUCOSAMINE	REACTOME_SYNTHESIS_OF_UDP_N_ACETYL_GLUCOSAMINE		8	-0.56461054	-1.1922556	0.25478926	0.5207259	1.0	6812	tags=75%, list=33%, signal=111%	
REACTOME_COENZYME_A_BIOSYNTHESIS	REACTOME_COENZYME_A_BIOSYNTHESIS		8	-0.56377894	-1.1922239	0.2680851	0.5196384	1.0	7348	tags=75%, list=35%, signal=116%	
REACTOME_ACROSOME_REACTION_AND_SPERM_OOCYTE_MEMBRANE_BINDING	REACTOME_ACROSOME_REACTION_AND_SPERM_OOCYTE_MEMBRANE_BINDING		4	-0.69823456	-1.1909806	0.26565465	0.521483	1.0	1570	tags=75%, list=8%, signal=81%	
REACTOME_CASPASE_MEDIATED_CLEAVAGE_OF_CYTOSKELETAL_PROTEINS	REACTOME_CASPASE_MEDIATED_CLEAVAGE_OF_CYTOSKELETAL_PROTEINS		12	-0.5006607	-1.1903576	0.2637571	0.5217834	1.0	1733	tags=17%, list=8%, signal=18%	
REACTOME_SIGNALING_BY_ACTIVIN	REACTOME_SIGNALING_BY_ACTIVIN		14	-0.48072112	-1.1892171	0.26078433	0.52339095	1.0	27	tags=7%, list=0%, signal=7%	
N-ACETYLGLUCOSAMINE SYNTHESIS	N-ACETYLGLUCOSAMINE SYNTHESIS		4	-0.673149	-1.1880922	0.28194726	0.52494675	1.0	6812	tags=100%, list=33%, signal=149%	
GLYCINE SYNTHESIS	GLYCINE SYNTHESIS		2	-0.7858364	-1.1848934	0.24748491	0.5317361	1.0	935	tags=50%, list=4%, signal=52%	
REACTOME_TRANSLATION	REACTOME_TRANSLATION		294	-0.27846268	-1.1811838	0.09246575	0.53955376	1.0	8305	tags=42%, list=40%, signal=69%	
REACTOME_REGULATION_OF_NPAS4_GENE_TRANSCRIPTION	REACTOME_REGULATION_OF_NPAS4_GENE_TRANSCRIPTION		5	-0.62180513	-1.1809175	0.27309236	0.5391156	1.0	777	tags=20%, list=4%, signal=21%	
REACTOME_TRANSCRIPTION_OF_E2F_TARGETS_UNDER_NEGATIVE_CONTROL_BY_DREAM_COMPLEX	REACTOME_TRANSCRIPTION_OF_E2F_TARGETS_UNDER_NEGATIVE_CONTROL_BY_DREAM_COMPLEX		19	-0.43522778	-1.1808801	0.24857685	0.53800124	1.0	2291	tags=26%, list=11%, signal=30%	
REACTOME_SARS_COV_2_MODULATES_AUTOPHAGY	REACTOME_SARS_COV_2_MODULATES_AUTOPHAGY		11	-0.49345896	-1.1798902	0.264	0.5392494	1.0	9254	tags=73%, list=44%, signal=131%	
REACTOME_PROTEIN_REPAIR	REACTOME_PROTEIN_REPAIR		6	-0.6054401	-1.1795537	0.27926078	0.5388658	1.0	6940	tags=67%, list=33%, signal=100%	
REACTOME_TRANSPORT_OF_SMALL_MOLECULES	REACTOME_TRANSPORT_OF_SMALL_MOLECULES		696	-0.25733617	-1.1783484	0.0466563	0.5404905	1.0	3149	tags=19%, list=15%, signal=21%	
REACTOME_ACTIVATION_OF_PUMA_AND_TRANSLOCATION_TO_MITOCHONDRIA	REACTOME_ACTIVATION_OF_PUMA_AND_TRANSLOCATION_TO_MITOCHONDRIA		9	-0.53952014	-1.1744314	0.27238095	0.54885113	1.0	2291	tags=33%, list=11%, signal=37%	
REACTOME_ZINC_TRANSPORTERS	REACTOME_ZINC_TRANSPORTERS		15	-0.46016896	-1.1713182	0.26857144	0.55555964	1.0	3638	tags=40%, list=17%, signal=48%	
REACTOME_NF_KB_ACTIVATION_THROUGH_FADD_RIP_1_PATHWAY_MEDIATED_BY_CASPASE_8_AND_10	REACTOME_NF_KB_ACTIVATION_THROUGH_FADD_RIP_1_PATHWAY_MEDIATED_BY_CASPASE_8_AND_10		13	-0.47857958	-1.1711156	0.2576336	0.5548112	1.0	8247	tags=69%, list=40%, signal=115%	
REACTOME_TRAFFICKING_AND_PROCESSING_OF_ENDOSOMAL_TLR	REACTOME_TRAFFICKING_AND_PROCESSING_OF_ENDOSOMAL_TLR		13	-0.4730274	-1.1703966	0.26396918	0.5553364	1.0	5337	tags=46%, list=26%, signal=62%	
SERINE SYNTHESIS	SERINE SYNTHESIS		2	-0.7858364	-1.1693012	0.28803244	0.55682325	1.0	935	tags=50%, list=4%, signal=52%	
REACTOME_NUCLEAR_RECEPTOR_TRANSCRIPTION_PATHWAY	REACTOME_NUCLEAR_RECEPTOR_TRANSCRIPTION_PATHWAY		52	-0.34925377	-1.1689728	0.1845238	0.5564027	1.0	3799	tags=35%, list=18%, signal=42%	
REACTOME_CONDENSATION_OF_PROMETAPHASE_CHROMOSOMES	REACTOME_CONDENSATION_OF_PROMETAPHASE_CHROMOSOMES		11	-0.5071437	-1.168741	0.27586207	0.55579656	1.0	5501	tags=45%, list=26%, signal=62%	
REACTOME_LYSINE_CATABOLISM	REACTOME_LYSINE_CATABOLISM		12	-0.48814535	-1.1679696	0.29389313	0.55653316	1.0	2437	tags=42%, list=12%, signal=47%	
REACTOME_ACYL_CHAIN_REMODELLING_OF_PC	REACTOME_ACYL_CHAIN_REMODELLING_OF_PC		25	-0.4198131	-1.1671149	0.25675675	0.55735797	1.0	3796	tags=36%, list=18%, signal=44%	
REACTOME_REGULATION_OF_BETA_CELL_DEVELOPMENT	REACTOME_REGULATION_OF_BETA_CELL_DEVELOPMENT		39	-0.3702964	-1.1653798	0.22283609	0.5603528	1.0	3913	tags=41%, list=19%, signal=50%	
REACTOME_SYNTHESIS_OF_PC	REACTOME_SYNTHESIS_OF_PC		27	-0.39850557	-1.1649171	0.2293578	0.5601965	1.0	5501	tags=52%, list=26%, signal=70%	
REACTOME_REGULATION_OF_GENE_EXPRESSION_IN_LATE_STAGE_BRANCHING_MORPHOGENESIS_PANCREATIC_BUD_PRECURSOR_CELLS	REACTOME_REGULATION_OF_GENE_EXPRESSION_IN_LATE_STAGE_BRANCHING_MORPHOGENESIS_PANCREATIC_BUD_PRECURSOR_CELLS		16	-0.4518574	-1.1647532	0.26019418	0.55933696	1.0	2561	tags=25%, list=12%, signal=28%	
REACTOME_CREATINE_METABOLISM	REACTOME_CREATINE_METABOLISM		11	-0.48634875	-1.1643213	0.26181102	0.5592481	1.0	3147	tags=45%, list=15%, signal=54%	
REACTOME_GLUCURONIDATION	REACTOME_GLUCURONIDATION		15	-0.4704816	-1.1637775	0.28265107	0.55937946	1.0	4013	tags=47%, list=19%, signal=58%	
REACTOME_DEFECTS_OF_CONTACT_ACTIVATION_SYSTEM_CAS_AND_KALLIKREIN_KININ_SYSTEM_KKS	REACTOME_DEFECTS_OF_CONTACT_ACTIVATION_SYSTEM_CAS_AND_KALLIKREIN_KININ_SYSTEM_KKS		15	-0.47049218	-1.1634115	0.26062846	0.5590681	1.0	6044	tags=40%, list=29%, signal=56%	
DEOXYCYTIDINE TRIPHOSPHATE SYNTHESIS (DCTP)	DEOXYCYTIDINE TRIPHOSPHATE SYNTHESIS (DCTP)		7	-0.5588834	-1.1621908	0.30876493	0.56082016	1.0	4953	tags=57%, list=24%, signal=75%	
REACTOME_PLASMA_LIPOPROTEIN_REMODELING	REACTOME_PLASMA_LIPOPROTEIN_REMODELING		34	-0.38062888	-1.1597666	0.22846442	0.5656921	1.0	1455	tags=24%, list=7%, signal=25%	
REACTOME_G0_AND_EARLY_G1	REACTOME_G0_AND_EARLY_G1		27	-0.39971024	-1.1584772	0.25650558	0.56758744	1.0	2938	tags=26%, list=14%, signal=30%	
REACTOME_SIGNALING_BY_MAPK_MUTANTS	REACTOME_SIGNALING_BY_MAPK_MUTANTS		7	-0.55720735	-1.1571039	0.30813953	0.5698389	1.0	399	tags=14%, list=2%, signal=15%	
REACTOME_SODIUM_PROTON_EXCHANGERS	REACTOME_SODIUM_PROTON_EXCHANGERS		9	-0.52973974	-1.1568393	0.30425963	0.5692714	1.0	1629	tags=22%, list=8%, signal=24%	
REACTOME_CONSTITUTIVE_SIGNALING_BY_EGFRVIII	REACTOME_CONSTITUTIVE_SIGNALING_BY_EGFRVIII		15	-0.4578376	-1.154605	0.27216494	0.5735803	1.0	4673	tags=47%, list=22%, signal=60%	
REACTOME_SARS_COV_INFECTIONS	REACTOME_SARS_COV_INFECTIONS		455	-0.26133195	-1.1545937	0.084745765	0.5723739	1.0	5215	tags=24%, list=25%, signal=32%	
REACTOME_SIGNALING_BY_SCF_KIT	REACTOME_SIGNALING_BY_SCF_KIT		43	-0.3620737	-1.1531365	0.23917137	0.5748333	1.0	5174	tags=35%, list=25%, signal=46%	
REACTOME_SIGNALING_BY_RNF43_MUTANTS	REACTOME_SIGNALING_BY_RNF43_MUTANTS		8	-0.53849334	-1.1529816	0.30075186	0.5740188	1.0	764	tags=25%, list=4%, signal=26%	
DEOXYURIDINE TRIPHOSPHATE SYNTHESIS (DUTP)	DEOXYURIDINE TRIPHOSPHATE SYNTHESIS (DUTP)		7	-0.5588834	-1.1528846	0.3340206	0.5730558	1.0	4953	tags=57%, list=24%, signal=75%	
REACTOME_APOPTOTIC_CLEAVAGE_OF_CELLULAR_PROTEINS	REACTOME_APOPTOTIC_CLEAVAGE_OF_CELLULAR_PROTEINS		38	-0.3754849	-1.1522332	0.25464684	0.57339394	1.0	1733	tags=16%, list=8%, signal=17%	
REACTOME_SYNTHESIS_OF_GDP_MANNOSE	REACTOME_SYNTHESIS_OF_GDP_MANNOSE		5	-0.6075286	-1.1508317	0.32310838	0.57578677	1.0	1035	tags=20%, list=5%, signal=21%	
REACTOME_PLASMA_LIPOPROTEIN_ASSEMBLY_REMODELING_AND_CLEARANCE	REACTOME_PLASMA_LIPOPROTEIN_ASSEMBLY_REMODELING_AND_CLEARANCE		74	-0.32029775	-1.1506686	0.20212767	0.5750558	1.0	1641	tags=16%, list=8%, signal=18%	
REACTOME_DEPOLYMERISATION_OF_THE_NUCLEAR_LAMINA	REACTOME_DEPOLYMERISATION_OF_THE_NUCLEAR_LAMINA		15	-0.46123418	-1.1501927	0.27941176	0.5748895	1.0	5402	tags=33%, list=26%, signal=45%	
REACTOME_CONSTITUTIVE_SIGNALING_BY_AKT1_E17K_IN_CANCER	REACTOME_CONSTITUTIVE_SIGNALING_BY_AKT1_E17K_IN_CANCER		26	-0.4014625	-1.1501566	0.24768947	0.5737795	1.0	6763	tags=65%, list=32%, signal=97%	
REACTOME_ACTIVATION_OF_BAD_AND_TRANSLOCATION_TO_MITOCHONDRIA	REACTOME_ACTIVATION_OF_BAD_AND_TRANSLOCATION_TO_MITOCHONDRIA		15	-0.4447101	-1.148494	0.29124236	0.57664764	1.0	3727	tags=33%, list=18%, signal=41%	
REACTOME_SIGNALING_BY_NUCLEAR_RECEPTORS	REACTOME_SIGNALING_BY_NUCLEAR_RECEPTORS		269	-0.27067938	-1.1481639	0.13666667	0.5762025	1.0	3727	tags=25%, list=18%, signal=30%	
REACTOME_SIGNALING_BY_RETINOIC_ACID	REACTOME_SIGNALING_BY_RETINOIC_ACID		43	-0.35515162	-1.1476047	0.24865831	0.57631373	1.0	2428	tags=30%, list=12%, signal=34%	
REACTOME_HUR_ELAVL1_BINDS_AND_STABILIZES_MRNA	REACTOME_HUR_ELAVL1_BINDS_AND_STABILIZES_MRNA		8	-0.53453106	-1.1458595	0.3111546	0.5793584	1.0	2419	tags=25%, list=12%, signal=28%	
REACTOME_SEMA4D_MEDIATED_INHIBITION_OF_CELL_ATTACHMENT_AND_MIGRATION	REACTOME_SEMA4D_MEDIATED_INHIBITION_OF_CELL_ATTACHMENT_AND_MIGRATION		8	-0.5403307	-1.145661	0.3177388	0.5785604	1.0	3514	tags=25%, list=17%, signal=30%	
FARNESYL-PYROPHOSPHATE SYNTHESIS	FARNESYL-PYROPHOSPHATE SYNTHESIS		3	-0.7229024	-1.1454182	0.3419483	0.5779095	1.0	4256	tags=67%, list=20%, signal=84%	
REACTOME_RRNA_MODIFICATION_IN_THE_MITOCHONDRION	REACTOME_RRNA_MODIFICATION_IN_THE_MITOCHONDRION		8	-0.53676194	-1.1425809	0.31119543	0.58358186	1.0	7627	tags=75%, list=37%, signal=118%	
REACTOME_GOLGI_TO_ER_RETROGRADE_TRANSPORT	REACTOME_GOLGI_TO_ER_RETROGRADE_TRANSPORT		132	-0.29345113	-1.1398695	0.19307832	0.58899635	1.0	4428	tags=27%, list=21%, signal=34%	
REACTOME_TRANSPORT_OF_NUCLEOSIDES_AND_FREE_PURINE_AND_PYRIMIDINE_BASES_ACROSS_THE_PLASMA_MEMBRANE	REACTOME_TRANSPORT_OF_NUCLEOSIDES_AND_FREE_PURINE_AND_PYRIMIDINE_BASES_ACROSS_THE_PLASMA_MEMBRANE		12	-0.47671947	-1.1375271	0.3001912	0.5937546	1.0	240	tags=17%, list=1%, signal=17%	
REACTOME_ADENYLATE_CYCLASE_ACTIVATING_PATHWAY	REACTOME_ADENYLATE_CYCLASE_ACTIVATING_PATHWAY		10	-0.50469476	-1.1361153	0.31766918	0.5960058	1.0	3850	tags=40%, list=18%, signal=49%	
LINOLENATE DEGRADATION	LINOLENATE DEGRADATION		1	-0.8499688	-1.1361024	0.27911645	0.5948149	1.0	3127	tags=100%, list=15%, signal=118%	
REACTOME_RHO_GTPASES_ACTIVATE_ROCKS	REACTOME_RHO_GTPASES_ACTIVATE_ROCKS		19	-0.4207639	-1.1349698	0.2893701	0.5964613	1.0	54	tags=5%, list=0%, signal=5%	
REACTOME_MITOTIC_G1_PHASE_AND_G1_S_TRANSITION	REACTOME_MITOTIC_G1_PHASE_AND_G1_S_TRANSITION		149	-0.2890371	-1.1343304	0.19137931	0.59687585	1.0	6424	tags=35%, list=31%, signal=50%	
REACTOME_LGI_ADAM_INTERACTIONS	REACTOME_LGI_ADAM_INTERACTIONS		12	-0.47192562	-1.1338654	0.30842912	0.596705	1.0	716	tags=17%, list=3%, signal=17%	
REACTOME_COPI_DEPENDENT_GOLGI_TO_ER_RETROGRADE_TRAFFIC	REACTOME_COPI_DEPENDENT_GOLGI_TO_ER_RETROGRADE_TRAFFIC		98	-0.30681536	-1.1333274	0.22376238	0.59680635	1.0	4272	tags=29%, list=21%, signal=36%	
REACTOME_ASSOCIATION_OF_TRIC_CCT_WITH_TARGET_PROTEINS_DURING_BIOSYNTHESIS	REACTOME_ASSOCIATION_OF_TRIC_CCT_WITH_TARGET_PROTEINS_DURING_BIOSYNTHESIS		39	-0.35324997	-1.1326731	0.27599245	0.59719825	1.0	7691	tags=56%, list=37%, signal=89%	
REACTOME_MASTL_FACILITATES_MITOTIC_PROGRESSION	REACTOME_MASTL_FACILITATES_MITOTIC_PROGRESSION		10	-0.49453318	-1.1322583	0.3001988	0.59699476	1.0	9582	tags=80%, list=46%, signal=148%	
REACTOME_MITOTIC_G2_G2_M_PHASES	REACTOME_MITOTIC_G2_G2_M_PHASES		197	-0.2762944	-1.131881	0.17340067	0.59677315	1.0	6494	tags=32%, list=31%, signal=47%	
REACTOME_DEGRADATION_OF_THE_EXTRACELLULAR_MATRIX	REACTOME_DEGRADATION_OF_THE_EXTRACELLULAR_MATRIX		138	-0.2889054	-1.1315234	0.1970534	0.5965384	1.0	2546	tags=22%, list=12%, signal=25%	
REACTOME_SYNTHESIS_OF_BILE_ACIDS_AND_BILE_SALTS_VIA_24_HYDROXYCHOLESTEROL	REACTOME_SYNTHESIS_OF_BILE_ACIDS_AND_BILE_SALTS_VIA_24_HYDROXYCHOLESTEROL		14	-0.45687425	-1.1308674	0.3084112	0.5970878	1.0	2503	tags=36%, list=12%, signal=41%	
REACTOME_ASPIRIN_ADME	REACTOME_ASPIRIN_ADME		32	-0.37261903	-1.129731	0.28368795	0.59883773	1.0	4013	tags=44%, list=19%, signal=54%	
REACTOME_PRE_NOTCH_PROCESSING_IN_THE_ENDOPLASMIC_RETICULUM	REACTOME_PRE_NOTCH_PROCESSING_IN_THE_ENDOPLASMIC_RETICULUM		6	-0.5661007	-1.1289257	0.33460802	0.59958255	1.0	6015	tags=67%, list=29%, signal=94%	
REACTOME_DEVELOPMENTAL_BIOLOGY	REACTOME_DEVELOPMENTAL_BIOLOGY		1073	-0.24108952	-1.1271514	0.064705886	0.60287017	1.0	3933	tags=22%, list=19%, signal=25%	
REACTOME_EARLY_SARS_COV_2_INFECTION_EVENTS	REACTOME_EARLY_SARS_COV_2_INFECTION_EVENTS		37	-0.35885262	-1.1265649	0.26127818	0.60313535	1.0	3471	tags=24%, list=17%, signal=29%	
REACTOME_SYNTHESIS_OF_15_EICOSATETRAENOIC_ACID_DERIVATIVES	REACTOME_SYNTHESIS_OF_15_EICOSATETRAENOIC_ACID_DERIVATIVES		6	-0.56619734	-1.1261374	0.35375494	0.60300887	1.0	3025	tags=67%, list=15%, signal=78%	
REACTOME_SEMA4D_IN_SEMAPHORIN_SIGNALING	REACTOME_SEMA4D_IN_SEMAPHORIN_SIGNALING		24	-0.396076	-1.125897	0.2921147	0.6024587	1.0	3514	tags=17%, list=17%, signal=20%	
REACTOME_AMINO_ACID_TRANSPORT_ACROSS_THE_PLASMA_MEMBRANE	REACTOME_AMINO_ACID_TRANSPORT_ACROSS_THE_PLASMA_MEMBRANE		32	-0.373065	-1.1254476	0.2581262	0.6024091	1.0	3012	tags=28%, list=14%, signal=33%	
REACTOME_TRIF_MEDIATED_PROGRAMMED_CELL_DEATH	REACTOME_TRIF_MEDIATED_PROGRAMMED_CELL_DEATH		9	-0.5158373	-1.1244259	0.3460803	0.60375386	1.0	3136	tags=33%, list=15%, signal=39%	
REACTOME_UBIQUINOL_BIOSYNTHESIS	REACTOME_UBIQUINOL_BIOSYNTHESIS		8	-0.52952665	-1.1237345	0.3394309	0.6043242	1.0	6557	tags=50%, list=31%, signal=73%	
REACTOME_ENERGY_DEPENDENT_REGULATION_OF_MTOR_BY_LKB1_AMPK	REACTOME_ENERGY_DEPENDENT_REGULATION_OF_MTOR_BY_LKB1_AMPK		29	-0.3811018	-1.1216277	0.28158844	0.60829496	1.0	4752	tags=38%, list=23%, signal=49%	
CERAMIDE SYNTHESIS	CERAMIDE SYNTHESIS		12	-0.4695517	-1.1207545	0.27767354	0.6094336	1.0	1737	tags=25%, list=8%, signal=27%	
REACTOME_PIWI_INTERACTING_RNA_PIRNA_BIOGENESIS	REACTOME_PIWI_INTERACTING_RNA_PIRNA_BIOGENESIS		27	-0.38027558	-1.1193353	0.3082569	0.61176294	1.0	5206	tags=44%, list=25%, signal=59%	
REACTOME_ACYL_CHAIN_REMODELLING_OF_PI	REACTOME_ACYL_CHAIN_REMODELLING_OF_PI		15	-0.45512742	-1.1183798	0.3012939	0.6130531	1.0	3796	tags=40%, list=18%, signal=49%	
REACTOME_PI5P_REGULATES_TP53_ACETYLATION	REACTOME_PI5P_REGULATES_TP53_ACETYLATION		9	-0.5012261	-1.1179761	0.32637572	0.61285865	1.0	6543	tags=67%, list=31%, signal=97%	
REACTOME_PYROPTOSIS	REACTOME_PYROPTOSIS		27	-0.3749282	-1.1160976	0.29259259	0.6164616	1.0	204	tags=7%, list=1%, signal=7%	
REACTOME_SEMA4D_INDUCED_CELL_MIGRATION_AND_GROWTH_CONE_COLLAPSE	REACTOME_SEMA4D_INDUCED_CELL_MIGRATION_AND_GROWTH_CONE_COLLAPSE		20	-0.41125852	-1.1133801	0.30635837	0.62229764	1.0	54	tags=5%, list=0%, signal=5%	
REACTOME_C_TYPE_LECTIN_RECEPTORS_CLRS	REACTOME_C_TYPE_LECTIN_RECEPTORS_CLRS		135	-0.28465137	-1.1130867	0.2285192	0.62181324	1.0	2216	tags=10%, list=11%, signal=12%	
REACTOME_PHOSPHATE_BOND_HYDROLYSIS_BY_NUDT_PROTEINS	REACTOME_PHOSPHATE_BOND_HYDROLYSIS_BY_NUDT_PROTEINS		7	-0.54114056	-1.1127007	0.3493014	0.62159425	1.0	4890	tags=43%, list=23%, signal=56%	
CARDIOLIPIN SYNTHESIS	CARDIOLIPIN SYNTHESIS		14	-0.4449157	-1.1124113	0.3258004	0.6211245	1.0	1737	tags=21%, list=8%, signal=23%	
REACTOME_PEPTIDE_HORMONE_BIOSYNTHESIS	REACTOME_PEPTIDE_HORMONE_BIOSYNTHESIS		11	-0.46482787	-1.1117072	0.3495935	0.62175703	1.0	2077	tags=27%, list=10%, signal=30%	
REACTOME_DEFECTIVE_F9_ACTIVATION	REACTOME_DEFECTIVE_F9_ACTIVATION		5	-0.59964883	-1.1103492	0.38640776	0.624119	1.0	3594	tags=40%, list=17%, signal=48%	
REACTOME_REGULATION_OF_SIGNALING_BY_CBL	REACTOME_REGULATION_OF_SIGNALING_BY_CBL		22	-0.39721265	-1.1096805	0.31758034	0.6247611	1.0	5174	tags=45%, list=25%, signal=60%	
REACTOME_OPIOID_SIGNALLING	REACTOME_OPIOID_SIGNALLING		83	-0.3081282	-1.109593	0.25981307	0.62377447	1.0	3299	tags=19%, list=16%, signal=23%	
REACTOME_DRUG_ADME	REACTOME_DRUG_ADME		94	-0.30131388	-1.1090076	0.25225225	0.62412226	1.0	1684	tags=18%, list=8%, signal=20%	
PHOSPHATIDYL-INOSITOL SYNTHESIS	PHOSPHATIDYL-INOSITOL SYNTHESIS		13	-0.45534146	-1.1060041	0.32277226	0.6307368	1.0	1737	tags=23%, list=8%, signal=25%	
REACTOME_ACYL_CHAIN_REMODELLING_OF_PG	REACTOME_ACYL_CHAIN_REMODELLING_OF_PG		16	-0.42330402	-1.1058362	0.3382084	0.62991786	1.0	4446	tags=44%, list=21%, signal=56%	
REACTOME_RHOG_GTPASE_CYCLE	REACTOME_RHOG_GTPASE_CYCLE		74	-0.3094851	-1.1054218	0.256993	0.6296785	1.0	6381	tags=35%, list=31%, signal=50%	
PHOSPHATIDYL-SERINE SYNTHESIS	PHOSPHATIDYL-SERINE SYNTHESIS		13	-0.45205274	-1.1049268	0.32	0.6296729	1.0	1737	tags=23%, list=8%, signal=25%	
REACTOME_TFAP2_AP_2_FAMILY_REGULATES_TRANSCRIPTION_OF_GROWTH_FACTORS_AND_THEIR_RECEPTORS	REACTOME_TFAP2_AP_2_FAMILY_REGULATES_TRANSCRIPTION_OF_GROWTH_FACTORS_AND_THEIR_RECEPTORS		12	-0.45618555	-1.104774	0.33701658	0.6288484	1.0	6482	tags=58%, list=31%, signal=85%	
REACTOME_FGFRL1_MODULATION_OF_FGFR1_SIGNALING	REACTOME_FGFRL1_MODULATION_OF_FGFR1_SIGNALING		12	-0.45786968	-1.0980545	0.3438114	0.64512724	1.0	1717	tags=25%, list=8%, signal=27%	
REACTOME_ACTIVATION_OF_ATR_IN_RESPONSE_TO_REPLICATION_STRESS	REACTOME_ACTIVATION_OF_ATR_IN_RESPONSE_TO_REPLICATION_STRESS		37	-0.34839764	-1.0978849	0.32518798	0.6442863	1.0	5862	tags=32%, list=28%, signal=45%	
REACTOME_INFECTION_WITH_MYCOBACTERIUM_TUBERCULOSIS	REACTOME_INFECTION_WITH_MYCOBACTERIUM_TUBERCULOSIS		27	-0.3816644	-1.0948743	0.3314394	0.6510079	1.0	1881	tags=15%, list=9%, signal=16%	
PALMITOLATE DEGRADATION	PALMITOLATE DEGRADATION		3	-0.6626015	-1.0948658	0.39655173	0.6497838	1.0	7031	tags=100%, list=34%, signal=151%	
REACTOME_RECYCLING_PATHWAY_OF_L1	REACTOME_RECYCLING_PATHWAY_OF_L1		47	-0.3352067	-1.0947076	0.31471136	0.64903086	1.0	3677	tags=26%, list=18%, signal=31%	
REACTOME_TRANSPORT_OF_NUCLEOTIDE_SUGARS	REACTOME_TRANSPORT_OF_NUCLEOTIDE_SUGARS		9	-0.49541295	-1.093772	0.36920223	0.65033144	1.0	7888	tags=56%, list=38%, signal=89%	
REACTOME_PHYSIOLOGICAL_FACTORS	REACTOME_PHYSIOLOGICAL_FACTORS		14	-0.4424075	-1.0924437	0.36416185	0.65244323	1.0	2751	tags=36%, list=13%, signal=41%	
REACTOME_COLLAGEN_DEGRADATION	REACTOME_COLLAGEN_DEGRADATION		63	-0.3140074	-1.0923699	0.28342247	0.65140426	1.0	2510	tags=25%, list=12%, signal=29%	
REACTOME_PHASE_2_PLATEAU_PHASE	REACTOME_PHASE_2_PLATEAU_PHASE		15	-0.4372876	-1.0918844	0.35907337	0.6513965	1.0	2696	tags=40%, list=13%, signal=46%	
PHOSPHATIDYL-CHOLINE SYNTHESIS	PHOSPHATIDYL-CHOLINE SYNTHESIS		13	-0.45205274	-1.0915959	0.3419483	0.65087783	1.0	1737	tags=23%, list=8%, signal=25%	
CIS-VACCENIC ACID DEGRADATION	CIS-VACCENIC ACID DEGRADATION		3	-0.6670668	-1.0911903	0.39658445	0.65075576	1.0	6938	tags=100%, list=33%, signal=150%	
REACTOME_SIGNALING_BY_MRAS_COMPLEX_MUTANTS	REACTOME_SIGNALING_BY_MRAS_COMPLEX_MUTANTS		8	-0.5117397	-1.0883989	0.40425533	0.6565697	1.0	861	tags=13%, list=4%, signal=13%	
REACTOME_SIGNALING_BY_WNT_IN_CANCER	REACTOME_SIGNALING_BY_WNT_IN_CANCER		34	-0.35723948	-1.0877268	0.34078214	0.65703344	1.0	6795	tags=44%, list=33%, signal=65%	
REACTOME_FRUCTOSE_CATABOLISM	REACTOME_FRUCTOSE_CATABOLISM		5	-0.5852056	-1.0865686	0.41025642	0.65879405	1.0	4419	tags=60%, list=21%, signal=76%	
REACTOME_PHOSPHORYLATION_OF_THE_APC_C	REACTOME_PHOSPHORYLATION_OF_THE_APC_C		20	-0.39771914	-1.0850135	0.36068702	0.6616746	1.0	4768	tags=25%, list=23%, signal=32%	
REACTOME_BETA_OXIDATION_OF_PRISTANOYL_COA	REACTOME_BETA_OXIDATION_OF_PRISTANOYL_COA		9	-0.4820097	-1.0834613	0.34969324	0.6645539	1.0	2513	tags=22%, list=12%, signal=25%	
REACTOME_SARS_COV_2_TARGETS_HOST_INTRACELLULAR_SIGNALLING_AND_REGULATORY_PATHWAYS	REACTOME_SARS_COV_2_TARGETS_HOST_INTRACELLULAR_SIGNALLING_AND_REGULATORY_PATHWAYS		12	-0.45614842	-1.0820016	0.34548944	0.6672444	1.0	7513	tags=67%, list=36%, signal=104%	
REACTOME_NUCLEAR_EVENTS_STIMULATED_BY_ALK_SIGNALING_IN_CANCER	REACTOME_NUCLEAR_EVENTS_STIMULATED_BY_ALK_SIGNALING_IN_CANCER		19	-0.39998874	-1.0799586	0.35114503	0.6714279	1.0	3433	tags=21%, list=16%, signal=25%	
REACTOME_CHYLOMICRON_REMODELING	REACTOME_CHYLOMICRON_REMODELING		10	-0.47494397	-1.0795522	0.36328873	0.67129266	1.0	1368	tags=30%, list=7%, signal=32%	
REACTOME_THE_CANONICAL_RETINOID_CYCLE_IN_RODS_TWILIGHT_VISION	REACTOME_THE_CANONICAL_RETINOID_CYCLE_IN_RODS_TWILIGHT_VISION		20	-0.39495966	-1.078763	0.35660377	0.67221135	1.0	1285	tags=20%, list=6%, signal=21%	
REACTOME_MECP2_REGULATES_NEURONAL_RECEPTORS_AND_CHANNELS	REACTOME_MECP2_REGULATES_NEURONAL_RECEPTORS_AND_CHANNELS		17	-0.40175268	-1.0785149	0.36968577	0.6716536	1.0	2561	tags=24%, list=12%, signal=27%	
REACTOME_KSRP_KHSRP_BINDS_AND_DESTABILIZES_MRNA	REACTOME_KSRP_KHSRP_BINDS_AND_DESTABILIZES_MRNA		17	-0.40384683	-1.0784805	0.34593573	0.6705085	1.0	5371	tags=35%, list=26%, signal=48%	
REACTOME_ASPARAGINE_N_LINKED_GLYCOSYLATION	REACTOME_ASPARAGINE_N_LINKED_GLYCOSYLATION		304	-0.25235215	-1.0784161	0.22390573	0.66944593	1.0	6847	tags=36%, list=33%, signal=53%	
REACTOME_FRUCTOSE_METABOLISM	REACTOME_FRUCTOSE_METABOLISM		7	-0.5231702	-1.0764431	0.37593985	0.67365235	1.0	4419	tags=57%, list=21%, signal=73%	
HEME SYNTHESIS	HEME SYNTHESIS		7	-0.52631235	-1.07575	0.37890625	0.6742049	1.0	6480	tags=71%, list=31%, signal=104%	
REACTOME_INSERTION_OF_TAIL_ANCHORED_PROTEINS_INTO_THE_ENDOPLASMIC_RETICULUM_MEMBRANE	REACTOME_INSERTION_OF_TAIL_ANCHORED_PROTEINS_INTO_THE_ENDOPLASMIC_RETICULUM_MEMBRANE		22	-0.3893122	-1.0743303	0.3403846	0.67653817	1.0	5415	tags=36%, list=26%, signal=49%	
REACTOME_AKT_PHOSPHORYLATES_TARGETS_IN_THE_NUCLEUS	REACTOME_AKT_PHOSPHORYLATES_TARGETS_IN_THE_NUCLEUS		10	-0.46812886	-1.0740106	0.3708087	0.676102	1.0	4043	tags=50%, list=19%, signal=62%	
REACTOME_SIGNALING_BY_ERBB2_ECD_MUTANTS	REACTOME_SIGNALING_BY_ERBB2_ECD_MUTANTS		16	-0.4122633	-1.0736455	0.37269372	0.6758435	1.0	4673	tags=44%, list=22%, signal=56%	
REACTOME_FORMATION_OF_FIBRIN_CLOT_CLOTTING_CASCADE	REACTOME_FORMATION_OF_FIBRIN_CLOT_CLOTTING_CASCADE		37	-0.33945513	-1.0719976	0.33766234	0.67905974	1.0	1575	tags=16%, list=8%, signal=18%	
REACTOME_CREB1_PHOSPHORYLATION_THROUGH_THE_ACTIVATION_OF_ADENYLATE_CYCLASE	REACTOME_CREB1_PHOSPHORYLATION_THROUGH_THE_ACTIVATION_OF_ADENYLATE_CYCLASE		11	-0.4529949	-1.070883	0.376	0.68074375	1.0	148	tags=9%, list=1%, signal=9%	
REACTOME_ADRENALINE_NORADRENALINE_INHIBITS_INSULIN_SECRETION	REACTOME_ADRENALINE_NORADRENALINE_INHIBITS_INSULIN_SECRETION		24	-0.37447798	-1.0703493	0.36758894	0.6810382	1.0	3088	tags=33%, list=15%, signal=39%	
REACTOME_PROTEIN_FOLDING	REACTOME_PROTEIN_FOLDING		91	-0.29145107	-1.0690118	0.3246528	0.6832614	1.0	6957	tags=41%, list=33%, signal=61%	
GLYCO-CHOLATE SYNTHESIS	GLYCO-CHOLATE SYNTHESIS		5	-0.5645055	-1.0687244	0.4251497	0.6827732	1.0	2503	tags=40%, list=12%, signal=45%	
REACTOME_DEFECTIVE_FACTOR_IX_CAUSES_HEMOPHILIA_B	REACTOME_DEFECTIVE_FACTOR_IX_CAUSES_HEMOPHILIA_B		8	-0.5073198	-1.0667244	0.4060721	0.6867416	1.0	4946	tags=50%, list=24%, signal=66%	
REACTOME_SPHINGOLIPID_DE_NOVO_BIOSYNTHESIS	REACTOME_SPHINGOLIPID_DE_NOVO_BIOSYNTHESIS		45	-0.3273765	-1.0661416	0.3587922	0.6869722	1.0	4360	tags=31%, list=21%, signal=39%	
REACTOME_CA_DEPENDENT_EVENTS	REACTOME_CA_DEPENDENT_EVENTS		36	-0.34555078	-1.0639942	0.35714287	0.6915578	1.0	1057	tags=14%, list=5%, signal=15%	
REACTOME_HEMOSTASIS	REACTOME_HEMOSTASIS		636	-0.23422667	-1.0630081	0.22133759	0.6928519	1.0	4797	tags=29%, list=23%, signal=36%	
REACTOME_FLT3_SIGNALING	REACTOME_FLT3_SIGNALING		38	-0.34153292	-1.0610831	0.3519553	0.6968025	1.0	5401	tags=45%, list=26%, signal=60%	
REACTOME_AKT_PHOSPHORYLATES_TARGETS_IN_THE_CYTOSOL	REACTOME_AKT_PHOSPHORYLATES_TARGETS_IN_THE_CYTOSOL		14	-0.42887276	-1.0606027	0.36851853	0.6968606	1.0	6763	tags=71%, list=32%, signal=106%	
REACTOME_FOLDING_OF_ACTIN_BY_CCT_TRIC	REACTOME_FOLDING_OF_ACTIN_BY_CCT_TRIC		10	-0.4728955	-1.0605131	0.390625	0.69586784	1.0	8068	tags=80%, list=39%, signal=131%	
REACTOME_REGULATION_OF_GENE_EXPRESSION_IN_ENDOCRINE_COMMITTED_NEUROG3_PROGENITOR_CELLS	REACTOME_REGULATION_OF_GENE_EXPRESSION_IN_ENDOCRINE_COMMITTED_NEUROG3_PROGENITOR_CELLS		3	-0.6362746	-1.0594244	0.45714286	0.69750786	1.0	856	tags=67%, list=4%, signal=70%	
REACTOME_RELEASE_OF_HH_NP_FROM_THE_SECRETING_CELL	REACTOME_RELEASE_OF_HH_NP_FROM_THE_SECRETING_CELL		8	-0.49454668	-1.057767	0.4127907	0.70061487	1.0	3038	tags=38%, list=15%, signal=44%	
REACTOME_NEUROTRANSMITTER_CLEARANCE	REACTOME_NEUROTRANSMITTER_CLEARANCE		10	-0.46917108	-1.0574651	0.401222	0.7002025	1.0	691	tags=20%, list=3%, signal=21%	
SYNTHESIS OF COENZYME A	SYNTHESIS OF COENZYME A		2	-0.69593817	-1.0551142	0.44959676	0.7055396	1.0	6336	tags=100%, list=30%, signal=144%	
REACTOME_METHYLATION	REACTOME_METHYLATION		14	-0.42099285	-1.0550389	0.40115163	0.7044787	1.0	2602	tags=21%, list=12%, signal=24%	
REACTOME_SIGNALING_BY_CYTOSOLIC_FGFR1_FUSION_MUTANTS	REACTOME_SIGNALING_BY_CYTOSOLIC_FGFR1_FUSION_MUTANTS		18	-0.3951968	-1.0547242	0.37924153	0.70410484	1.0	6362	tags=44%, list=31%, signal=64%	
REACTOME_GLYCOLYSIS	REACTOME_GLYCOLYSIS		70	-0.30098587	-1.0539632	0.36940297	0.70485604	1.0	4363	tags=19%, list=21%, signal=23%	
REACTOME_SEMA3A_PLEXIN_REPULSION_SIGNALING_BY_INHIBITING_INTEGRIN_ADHESION	REACTOME_SEMA3A_PLEXIN_REPULSION_SIGNALING_BY_INHIBITING_INTEGRIN_ADHESION		14	-0.43025228	-1.0537785	0.38868612	0.7041381	1.0	3514	tags=21%, list=17%, signal=26%	
REACTOME_BMAL1_CLOCK_NPAS2_ACTIVATES_CIRCADIAN_GENE_EXPRESSION	REACTOME_BMAL1_CLOCK_NPAS2_ACTIVATES_CIRCADIAN_GENE_EXPRESSION		27	-0.35991502	-1.052811	0.39405206	0.7054926	1.0	1016	tags=15%, list=5%, signal=16%	
REACTOME_INFLAMMASOMES	REACTOME_INFLAMMASOMES		21	-0.3795245	-1.0515428	0.41769546	0.7077273	1.0	5113	tags=38%, list=25%, signal=50%	
REACTOME_SIGNALING_BY_CTNNB1_PHOSPHO_SITE_MUTANTS	REACTOME_SIGNALING_BY_CTNNB1_PHOSPHO_SITE_MUTANTS		15	-0.41694108	-1.0509633	0.40667975	0.70800495	1.0	6795	tags=40%, list=33%, signal=59%	
ELAIDATE DEGRADATION	ELAIDATE DEGRADATION		2	-0.7064048	-1.0503876	0.46088794	0.7082872	1.0	6118	tags=100%, list=29%, signal=142%	
REACTOME_SENSORY_PERCEPTION	REACTOME_SENSORY_PERCEPTION		207	-0.25437284	-1.0501586	0.3378608	0.7076344	1.0	2442	tags=19%, list=12%, signal=21%	
REACTOME_RECRUITMENT_OF_NUMA_TO_MITOTIC_CENTROSOMES	REACTOME_RECRUITMENT_OF_NUMA_TO_MITOTIC_CENTROSOMES		94	-0.28143975	-1.0488434	0.37037036	0.70973825	1.0	6163	tags=30%, list=30%, signal=42%	
REACTOME_TIE2_SIGNALING	REACTOME_TIE2_SIGNALING		18	-0.40003633	-1.0465615	0.4019802	0.71458304	1.0	4673	tags=44%, list=22%, signal=57%	
SYNTHESIS OF GLUCOCEREBROSIDE	SYNTHESIS OF GLUCOCEREBROSIDE		10	-0.45747203	-1.0452114	0.40665436	0.7169594	1.0	1737	tags=30%, list=8%, signal=33%	
REACTOME_G_PROTEIN_MEDIATED_EVENTS	REACTOME_G_PROTEIN_MEDIATED_EVENTS		53	-0.308487	-1.04514	0.3858998	0.71591324	1.0	4655	tags=28%, list=22%, signal=36%	
REACTOME_TRANSFERRIN_ENDOCYTOSIS_AND_RECYCLING	REACTOME_TRANSFERRIN_ENDOCYTOSIS_AND_RECYCLING		30	-0.3567731	-1.0435568	0.42616823	0.71890473	1.0	5989	tags=50%, list=29%, signal=70%	
REACTOME_GLUCAGON_TYPE_LIGAND_RECEPTORS	REACTOME_GLUCAGON_TYPE_LIGAND_RECEPTORS		27	-0.35472548	-1.0414075	0.38619402	0.72335577	1.0	2076	tags=26%, list=10%, signal=29%	
REACTOME_GAMMA_CARBOXYLATION_TRANSPORT_AND_AMINO_TERMINAL_CLEAVAGE_OF_PROTEINS	REACTOME_GAMMA_CARBOXYLATION_TRANSPORT_AND_AMINO_TERMINAL_CLEAVAGE_OF_PROTEINS		11	-0.4583659	-1.0403787	0.42382812	0.7248418	1.0	3079	tags=27%, list=15%, signal=32%	
REACTOME_INHIBITION_OF_THE_PROTEOLYTIC_ACTIVITY_OF_APC_C_REQUIRED_FOR_THE_ONSET_OF_ANAPHASE_BY_MITOTIC_SPINDLE_CHECKPOINT_COMPONENTS	REACTOME_INHIBITION_OF_THE_PROTEOLYTIC_ACTIVITY_OF_APC_C_REQUIRED_FOR_THE_ONSET_OF_ANAPHASE_BY_MITOTIC_SPINDLE_CHECKPOINT_COMPONENTS		21	-0.38108593	-1.039733	0.40946501	0.72530586	1.0	7181	tags=38%, list=34%, signal=58%	
REACTOME_TP53_REGULATES_TRANSCRIPTION_OF_GENES_INVOLVED_IN_G2_CELL_CYCLE_ARREST	REACTOME_TP53_REGULATES_TRANSCRIPTION_OF_GENES_INVOLVED_IN_G2_CELL_CYCLE_ARREST		18	-0.38997293	-1.0377816	0.4050179	0.72936237	1.0	2379	tags=22%, list=11%, signal=25%	
REACTOME_APOPTOTIC_EXECUTION_PHASE	REACTOME_APOPTOTIC_EXECUTION_PHASE		50	-0.31462958	-1.0357449	0.39355993	0.7335623	1.0	2604	tags=18%, list=13%, signal=21%	
REACTOME_INTERLEUKIN_9_SIGNALING	REACTOME_INTERLEUKIN_9_SIGNALING		7	-0.5046656	-1.0352995	0.42773438	0.7335292	1.0	744	tags=14%, list=4%, signal=15%	
REACTOME_COPI_MEDIATED_ANTEROGRADE_TRANSPORT	REACTOME_COPI_MEDIATED_ANTEROGRADE_TRANSPORT		101	-0.27441394	-1.0337855	0.37911025	0.73638564	1.0	4458	tags=22%, list=21%, signal=28%	
REACTOME_PROTON_COUPLED_MONOCARBOXYLATE_TRANSPORT	REACTOME_PROTON_COUPLED_MONOCARBOXYLATE_TRANSPORT		6	-0.5210905	-1.032483	0.43392506	0.7384749	1.0	4859	tags=67%, list=23%, signal=87%	
REACTOME_COMMON_PATHWAY_OF_FIBRIN_CLOT_FORMATION	REACTOME_COMMON_PATHWAY_OF_FIBRIN_CLOT_FORMATION		21	-0.3726686	-1.0307606	0.39726028	0.741796	1.0	1575	tags=24%, list=8%, signal=26%	
REACTOME_ADP_SIGNALLING_THROUGH_P2Y_PURINOCEPTOR_12	REACTOME_ADP_SIGNALLING_THROUGH_P2Y_PURINOCEPTOR_12		18	-0.39059982	-1.0283881	0.42578125	0.74708855	1.0	4169	tags=33%, list=20%, signal=42%	
REACTOME_RHOQ_GTPASE_CYCLE	REACTOME_RHOQ_GTPASE_CYCLE		59	-0.29856548	-1.0267195	0.40653357	0.7502932	1.0	4547	tags=25%, list=22%, signal=32%	
REACTOME_DAG_AND_IP3_SIGNALING	REACTOME_DAG_AND_IP3_SIGNALING		40	-0.32553703	-1.0262214	0.40442654	0.7503757	1.0	2870	tags=20%, list=14%, signal=23%	
REACTOME_CYCLIN_D_ASSOCIATED_EVENTS_IN_G1	REACTOME_CYCLIN_D_ASSOCIATED_EVENTS_IN_G1		47	-0.31559303	-1.0260913	0.39534885	0.7494864	1.0	2938	tags=21%, list=14%, signal=25%	
REACTOME_FORMATION_OF_APOPTOSOME	REACTOME_FORMATION_OF_APOPTOSOME		11	-0.43959472	-1.0255264	0.4442344	0.74974614	1.0	4676	tags=27%, list=22%, signal=35%	
REACTOME_REDUCTION_OF_CYTOSOLIC_CA_LEVELS	REACTOME_REDUCTION_OF_CYTOSOLIC_CA_LEVELS		12	-0.42545238	-1.0225233	0.44106463	0.75658137	1.0	562	tags=17%, list=3%, signal=17%	
REACTOME_VEGFR2_MEDIATED_VASCULAR_PERMEABILITY	REACTOME_VEGFR2_MEDIATED_VASCULAR_PERMEABILITY		27	-0.35382512	-1.0212375	0.41740674	0.7587225	1.0	6060	tags=52%, list=29%, signal=73%	
REACTOME_DOPAMINE_CLEARANCE_FROM_THE_SYNAPTIC_CLEFT	REACTOME_DOPAMINE_CLEARANCE_FROM_THE_SYNAPTIC_CLEFT		4	-0.5689771	-1.018195	0.48190477	0.7656697	1.0	484	tags=25%, list=2%, signal=26%	
REACTOME_REGULATION_OF_PTEN_GENE_TRANSCRIPTION	REACTOME_REGULATION_OF_PTEN_GENE_TRANSCRIPTION		60	-0.29912654	-1.0136039	0.44684684	0.77702576	1.0	4081	tags=23%, list=20%, signal=29%	
REACTOME_CD28_DEPENDENT_PI3K_AKT_SIGNALING	REACTOME_CD28_DEPENDENT_PI3K_AKT_SIGNALING		22	-0.3604526	-1.0127878	0.43761995	0.77807385	1.0	5179	tags=50%, list=25%, signal=66%	
REACTOME_NEDDYLATION	REACTOME_NEDDYLATION		241	-0.24012789	-1.011615	0.41285956	0.779938	1.0	6987	tags=35%, list=34%, signal=52%	
REACTOME_RHO_GTPASES_ACTIVATE_PAKS	REACTOME_RHO_GTPASES_ACTIVATE_PAKS		21	-0.36658096	-1.0100039	0.43653846	0.7829842	1.0	54	tags=5%, list=0%, signal=5%	
REACTOME_INTRA_GOLGI_AND_RETROGRADE_GOLGI_TO_ER_TRAFFIC	REACTOME_INTRA_GOLGI_AND_RETROGRADE_GOLGI_TO_ER_TRAFFIC		199	-0.2450367	-1.0086629	0.42307693	0.7853405	1.0	4428	tags=23%, list=21%, signal=29%	
REACTOME_TRANSPORT_OF_BILE_SALTS_AND_ORGANIC_ACIDS_METAL_IONS_AND_AMINE_COMPOUNDS	REACTOME_TRANSPORT_OF_BILE_SALTS_AND_ORGANIC_ACIDS_METAL_IONS_AND_AMINE_COMPOUNDS		79	-0.28050628	-1.0086565	0.40789473	0.7840632	1.0	3747	tags=32%, list=18%, signal=38%	
CYTIDINE TRIPHOSPHATE SYNTHESIS (CTP)	CYTIDINE TRIPHOSPHATE SYNTHESIS (CTP)		4	-0.57491255	-1.0077579	0.48809522	0.7853208	1.0	4782	tags=50%, list=23%, signal=65%	
REACTOME_AMINE_LIGAND_BINDING_RECEPTORS	REACTOME_AMINE_LIGAND_BINDING_RECEPTORS		28	-0.34322858	-1.0076311	0.4478976	0.78434026	1.0	2867	tags=32%, list=14%, signal=37%	
REACTOME_ABC_TRANSPORTER_DISORDERS	REACTOME_ABC_TRANSPORTER_DISORDERS		76	-0.28099805	-1.0054368	0.43915343	0.78886825	1.0	6424	tags=34%, list=31%, signal=49%	
SYNTHESIS OF UBIQUINONE FROM TYROSINE	SYNTHESIS OF UBIQUINONE FROM TYROSINE		4	-0.5639889	-1.0043912	0.478	0.79043853	1.0	8271	tags=75%, list=40%, signal=124%	
SYNTHESIS OF SPERMIDINE FROM ORNITHINE	SYNTHESIS OF SPERMIDINE FROM ORNITHINE		3	-0.61391467	-1.0035727	0.5431862	0.7913193	1.0	8045	tags=100%, list=39%, signal=163%	
REACTOME_CLASS_I_MHC_MEDIATED_ANTIGEN_PROCESSING_PRESENTATION	REACTOME_CLASS_I_MHC_MEDIATED_ANTIGEN_PROCESSING_PRESENTATION		376	-0.23068327	-1.001302	0.44186047	0.79624027	1.0	5945	tags=26%, list=29%, signal=36%	
URIDINE TRIPHOSPHATE SYNTHESIS (UTP)	URIDINE TRIPHOSPHATE SYNTHESIS (UTP)		4	-0.57491255	-1.0006717	0.487524	0.79673386	1.0	4782	tags=50%, list=23%, signal=65%	
REACTOME_INTERACTION_BETWEEN_L1_AND_ANKYRINS	REACTOME_INTERACTION_BETWEEN_L1_AND_ANKYRINS		30	-0.3327924	-0.9991752	0.44423792	0.7995898	1.0	2332	tags=27%, list=11%, signal=30%	
REACTOME_SYNTHESIS_OF_PYROPHOSPHATES_IN_THE_CYTOSOL	REACTOME_SYNTHESIS_OF_PYROPHOSPHATES_IN_THE_CYTOSOL		10	-0.44749898	-0.9983094	0.47758284	0.80074996	1.0	1281	tags=20%, list=6%, signal=21%	
REACTOME_FERTILIZATION	REACTOME_FERTILIZATION		16	-0.39262095	-0.99814975	0.47058824	0.7999095	1.0	2937	tags=38%, list=14%, signal=44%	
REACTOME_SIGNALING_BY_MEMBRANE_TETHERED_FUSIONS_OF_PDGFRA_OR_PDGFRB	REACTOME_SIGNALING_BY_MEMBRANE_TETHERED_FUSIONS_OF_PDGFRA_OR_PDGFRB		5	-0.5360586	-0.99792325	0.4969574	0.7991705	1.0	3983	tags=80%, list=19%, signal=99%	
REACTOME_BILE_ACID_AND_BILE_SALT_METABOLISM	REACTOME_BILE_ACID_AND_BILE_SALT_METABOLISM		45	-0.3108135	-0.9975023	0.4471243	0.7990072	1.0	1701	tags=18%, list=8%, signal=19%	
REACTOME_SCAVENGING_BY_CLASS_B_RECEPTORS	REACTOME_SCAVENGING_BY_CLASS_B_RECEPTORS		6	-0.50791615	-0.9969892	0.4969574	0.79911375	1.0	3034	tags=50%, list=15%, signal=59%	
REACTOME_SIGNALING_BY_NTRK3_TRKC	REACTOME_SIGNALING_BY_NTRK3_TRKC		17	-0.392447	-0.9962496	0.4629981	0.79994035	1.0	4673	tags=41%, list=22%, signal=53%	
REACTOME_DISASSEMBLY_OF_THE_DESTRUCTION_COMPLEX_AND_RECRUITMENT_OF_AXIN_TO_THE_MEMBRANE	REACTOME_DISASSEMBLY_OF_THE_DESTRUCTION_COMPLEX_AND_RECRUITMENT_OF_AXIN_TO_THE_MEMBRANE		28	-0.33599967	-0.99620056	0.46110058	0.79877454	1.0	6101	tags=36%, list=29%, signal=50%	
REACTOME_CYTOKINE_SIGNALING_IN_IMMUNE_SYSTEM	REACTOME_CYTOKINE_SIGNALING_IN_IMMUNE_SYSTEM		685	-0.21729618	-0.99570864	0.47424242	0.79887795	1.0	3435	tags=17%, list=16%, signal=19%	
REACTOME_ADAPTIVE_IMMUNE_SYSTEM	REACTOME_ADAPTIVE_IMMUNE_SYSTEM		807	-0.2160349	-0.99449533	0.4859259	0.8008775	1.0	5401	tags=28%, list=26%, signal=36%	
REACTOME_MATURATION_OF_PROTEIN_3A	REACTOME_MATURATION_OF_PROTEIN_3A		9	-0.4516263	-0.99331725	0.51532567	0.8028625	1.0	3857	tags=33%, list=19%, signal=41%	
REACTOME_GAMMA_CARBOXYLATION_HYPUSINE_FORMATION_AND_ARYLSULFATASE_ACTIVATION	REACTOME_GAMMA_CARBOXYLATION_HYPUSINE_FORMATION_AND_ARYLSULFATASE_ACTIVATION		42	-0.3057959	-0.9926054	0.4623656	0.8035361	1.0	5479	tags=36%, list=26%, signal=48%	
REACTOME_VESICLE_MEDIATED_TRANSPORT	REACTOME_VESICLE_MEDIATED_TRANSPORT		713	-0.21565552	-0.99216	0.46165645	0.8035639	1.0	5001	tags=24%, list=24%, signal=30%	
REACTOME_TRANSCRIPTIONAL_REGULATION_BY_MECP2	REACTOME_TRANSCRIPTIONAL_REGULATION_BY_MECP2		59	-0.28867355	-0.9921456	0.48243994	0.8023257	1.0	3203	tags=22%, list=15%, signal=26%	
REACTOME_RHO_GTPASES_ACTIVATE_CIT	REACTOME_RHO_GTPASES_ACTIVATE_CIT		19	-0.37478217	-0.99154216	0.47565544	0.80269563	1.0	54	tags=5%, list=0%, signal=5%	
REACTOME_MULTIFUNCTIONAL_ANION_EXCHANGERS	REACTOME_MULTIFUNCTIONAL_ANION_EXCHANGERS		9	-0.45136127	-0.9913016	0.4612245	0.8021162	1.0	107	tags=11%, list=1%, signal=11%	
REACTOME_INTERLEUKIN_2_FAMILY_SIGNALING	REACTOME_INTERLEUKIN_2_FAMILY_SIGNALING		39	-0.3095885	-0.9905135	0.4737864	0.8028948	1.0	6362	tags=46%, list=31%, signal=66%	
REACTOME_INDUCTION_OF_CELL_CELL_FUSION	REACTOME_INDUCTION_OF_CELL_CELL_FUSION		13	-0.40890613	-0.99035007	0.48501873	0.80204594	1.0	1455	tags=23%, list=7%, signal=25%	
REACTOME_ACTIVATION_OF_NIMA_KINASES_NEK9_NEK6_NEK7	REACTOME_ACTIVATION_OF_NIMA_KINASES_NEK9_NEK6_NEK7		7	-0.4806319	-0.98928267	0.4702381	0.8036091	1.0	5694	tags=57%, list=27%, signal=79%	
REACTOME_ACTIVATION_OF_THE_TFAP2_AP_2_FAMILY_OF_TRANSCRIPTION_FACTORS	REACTOME_ACTIVATION_OF_THE_TFAP2_AP_2_FAMILY_OF_TRANSCRIPTION_FACTORS		11	-0.43446198	-0.98913527	0.47093022	0.80273205	1.0	5914	tags=55%, list=28%, signal=76%	
REACTOME_RETINOID_CYCLE_DISEASE_EVENTS	REACTOME_RETINOID_CYCLE_DISEASE_EVENTS		10	-0.4343536	-0.9868499	0.48062015	0.80755705	1.0	1096	tags=20%, list=5%, signal=21%	
REACTOME_TANDEM_PORE_DOMAIN_POTASSIUM_CHANNELS	REACTOME_TANDEM_PORE_DOMAIN_POTASSIUM_CHANNELS		9	-0.44542545	-0.9845165	0.494	0.81260085	1.0	575	tags=22%, list=3%, signal=23%	
REACTOME_SYNTHESIS_OF_BILE_ACIDS_AND_BILE_SALTS_VIA_27_HYDROXYCHOLESTEROL	REACTOME_SYNTHESIS_OF_BILE_ACIDS_AND_BILE_SALTS_VIA_27_HYDROXYCHOLESTEROL		15	-0.39371434	-0.9840968	0.48295453	0.81248605	1.0	2503	tags=33%, list=12%, signal=38%	
REACTOME_SIGNALING_BY_PDGFR_IN_DISEASE	REACTOME_SIGNALING_BY_PDGFR_IN_DISEASE		20	-0.36248866	-0.9826895	0.4833006	0.81503046	1.0	4673	tags=35%, list=22%, signal=45%	
REACTOME_SEROTONIN_AND_MELATONIN_BIOSYNTHESIS	REACTOME_SEROTONIN_AND_MELATONIN_BIOSYNTHESIS		4	-0.5599611	-0.98063725	0.5638507	0.81937444	1.0	965	tags=25%, list=5%, signal=26%	
REACTOME_POST_TRANSCRIPTIONAL_SILENCING_BY_SMALL_RNAS	REACTOME_POST_TRANSCRIPTIONAL_SILENCING_BY_SMALL_RNAS		7	-0.47463605	-0.9803624	0.49377593	0.81885034	1.0	5506	tags=29%, list=26%, signal=39%	
REACTOME_TRANSPORT_OF_FATTY_ACIDS	REACTOME_TRANSPORT_OF_FATTY_ACIDS		7	-0.47401407	-0.9783311	0.5056818	0.8231744	1.0	3785	tags=57%, list=18%, signal=70%	
REACTOME_CONJUGATION_OF_BENZOATE_WITH_GLYCINE	REACTOME_CONJUGATION_OF_BENZOATE_WITH_GLYCINE		5	-0.5198122	-0.97605354	0.5315682	0.82804364	1.0	1335	tags=40%, list=6%, signal=43%	
REACTOME_ONCOGENE_INDUCED_SENESCENCE	REACTOME_ONCOGENE_INDUCED_SENESCENCE		33	-0.32252887	-0.9743672	0.50285715	0.83153147	1.0	2808	tags=18%, list=13%, signal=21%	
REACTOME_MINERALOCORTICOID_BIOSYNTHESIS	REACTOME_MINERALOCORTICOID_BIOSYNTHESIS		6	-0.48659712	-0.9742636	0.4970297	0.8305338	1.0	4046	tags=67%, list=19%, signal=83%	
REACTOME_ABACAVIR_TRANSMEMBRANE_TRANSPORT	REACTOME_ABACAVIR_TRANSMEMBRANE_TRANSPORT		5	-0.5191615	-0.97354686	0.5263158	0.8312685	1.0	3098	tags=40%, list=15%, signal=47%	
TYROSINE TO ADRENALINE	TYROSINE TO ADRENALINE		4	-0.56275976	-0.9723258	0.5632411	0.8332925	1.0	2685	tags=50%, list=13%, signal=57%	
REACTOME_ESTROGEN_DEPENDENT_NUCLEAR_EVENTS_DOWNSTREAM_OF_ESR_MEMBRANE_SIGNALING	REACTOME_ESTROGEN_DEPENDENT_NUCLEAR_EVENTS_DOWNSTREAM_OF_ESR_MEMBRANE_SIGNALING		24	-0.3476764	-0.9720699	0.5048356	0.8326663	1.0	4043	tags=46%, list=19%, signal=57%	
REACTOME_ANTIGEN_PROCESSING_CROSS_PRESENTATION	REACTOME_ANTIGEN_PROCESSING_CROSS_PRESENTATION		104	-0.2573696	-0.97125745	0.5400697	0.8335538	1.0	6626	tags=37%, list=32%, signal=53%	
REACTOME_FLT3_SIGNALING_IN_DISEASE	REACTOME_FLT3_SIGNALING_IN_DISEASE		28	-0.32901582	-0.97027576	0.52975047	0.8349834	1.0	5436	tags=43%, list=26%, signal=58%	
REACTOME_REGULATION_OF_TP53_ACTIVITY_THROUGH_ACETYLATION	REACTOME_REGULATION_OF_TP53_ACTIVITY_THROUGH_ACETYLATION		30	-0.3213409	-0.9696518	0.49807692	0.8353661	1.0	7012	tags=43%, list=34%, signal=65%	
REACTOME_TRANSCRIPTIONAL_REGULATION_BY_TP53	REACTOME_TRANSCRIPTIONAL_REGULATION_BY_TP53		359	-0.22426601	-0.9694369	0.56349206	0.8346214	1.0	5914	tags=30%, list=28%, signal=41%	
REACTOME_ELECTRIC_TRANSMISSION_ACROSS_GAP_JUNCTIONS	REACTOME_ELECTRIC_TRANSMISSION_ACROSS_GAP_JUNCTIONS		3	-0.5862102	-0.9687225	0.5527344	0.83527964	1.0	8622	tags=100%, list=41%, signal=171%	
REACTOME_SIGNALING_BY_KIT_IN_DISEASE	REACTOME_SIGNALING_BY_KIT_IN_DISEASE		20	-0.35382795	-0.9684777	0.5018868	0.8346527	1.0	4673	tags=30%, list=22%, signal=39%	
REACTOME_HYALURONAN_UPTAKE_AND_DEGRADATION	REACTOME_HYALURONAN_UPTAKE_AND_DEGRADATION		12	-0.40636685	-0.9679056	0.50281423	0.83500123	1.0	4781	tags=50%, list=23%, signal=65%	
REACTOME_TRANSPORT_OF_RCBL_WITHIN_THE_BODY	REACTOME_TRANSPORT_OF_RCBL_WITHIN_THE_BODY		8	-0.45791838	-0.9677962	0.546371	0.8340293	1.0	2387	tags=38%, list=11%, signal=42%	
REACTOME_DISINHIBITION_OF_SNARE_FORMATION	REACTOME_DISINHIBITION_OF_SNARE_FORMATION		5	-0.5147945	-0.96723205	0.5470588	0.8342505	1.0	3756	tags=40%, list=18%, signal=49%	
REACTOME_REMOVAL_OF_AMINOTERMINAL_PROPEPTIDES_FROM_GAMMA_CARBOXYLATED_PROTEINS	REACTOME_REMOVAL_OF_AMINOTERMINAL_PROPEPTIDES_FROM_GAMMA_CARBOXYLATED_PROTEINS		10	-0.42703044	-0.96657485	0.5009634	0.83480513	1.0	2251	tags=20%, list=11%, signal=22%	
REACTOME_TP53_REGULATES_TRANSCRIPTION_OF_CASPASE_ACTIVATORS_AND_CASPASES	REACTOME_TP53_REGULATES_TRANSCRIPTION_OF_CASPASE_ACTIVATORS_AND_CASPASES		12	-0.40731797	-0.96651864	0.5065913	0.83369017	1.0	1754	tags=17%, list=8%, signal=18%	
REACTOME_MUSCLE_CONTRACTION	REACTOME_MUSCLE_CONTRACTION		199	-0.23707122	-0.9639573	0.5609319	0.8393906	1.0	2898	tags=20%, list=14%, signal=23%	
REACTOME_CELL_CYCLE_MITOTIC	REACTOME_CELL_CYCLE_MITOTIC		534	-0.21311784	-0.9631951	0.6076555	0.8402469	1.0	6494	tags=31%, list=31%, signal=45%	
REACTOME_CELLULAR_RESPONSES_TO_STIMULI	REACTOME_CELLULAR_RESPONSES_TO_STIMULI		774	-0.20737529	-0.9603824	0.65497077	0.8464193	1.0	4928	tags=23%, list=24%, signal=29%	
REACTOME_RAC2_GTPASE_CYCLE	REACTOME_RAC2_GTPASE_CYCLE		88	-0.25931525	-0.9593168	0.52813065	0.84799117	1.0	5839	tags=32%, list=28%, signal=44%	
REACTOME_BIOSYNTHESIS_OF_EPA_DERIVED_SPMS	REACTOME_BIOSYNTHESIS_OF_EPA_DERIVED_SPMS		6	-0.48759848	-0.9587123	0.5409836	0.84834486	1.0	2384	tags=50%, list=11%, signal=56%	
REACTOME_CELL_CYCLE	REACTOME_CELL_CYCLE		658	-0.20945233	-0.9572479	0.64969134	0.85105866	1.0	5943	tags=27%, list=29%, signal=36%	
REACTOME_ANTIGEN_PROCESSING_UBIQUITINATION_PROTEASOME_DEGRADATION	REACTOME_ANTIGEN_PROCESSING_UBIQUITINATION_PROTEASOME_DEGRADATION		303	-0.22397535	-0.9562734	0.59833336	0.8522775	1.0	7261	tags=34%, list=35%, signal=51%	
REACTOME_VEGFR2_MEDIATED_CELL_PROLIFERATION	REACTOME_VEGFR2_MEDIATED_CELL_PROLIFERATION		19	-0.35376817	-0.9559474	0.5383104	0.85177577	1.0	5179	tags=37%, list=25%, signal=49%	
REACTOME_ACTIVATED_NTRK3_SIGNALS_THROUGH_PI3K	REACTOME_ACTIVATED_NTRK3_SIGNALS_THROUGH_PI3K		6	-0.48267218	-0.9559032	0.5230461	0.8506265	1.0	4615	tags=67%, list=22%, signal=86%	
REACTOME_DEACTIVATION_OF_THE_BETA_CATENIN_TRANSACTIVATING_COMPLEX	REACTOME_DEACTIVATION_OF_THE_BETA_CATENIN_TRANSACTIVATING_COMPLEX		41	-0.3049305	-0.95516396	0.53578335	0.8514053	1.0	6704	tags=49%, list=32%, signal=72%	
REACTOME_TRANSLATION_OF_REPLICASE_AND_ASSEMBLY_OF_THE_REPLICATION_TRANSCRIPTION_COMPLEX	REACTOME_TRANSLATION_OF_REPLICASE_AND_ASSEMBLY_OF_THE_REPLICATION_TRANSCRIPTION_COMPLEX		14	-0.37504196	-0.9538038	0.5364486	0.8538074	1.0	6886	tags=50%, list=33%, signal=75%	
REACTOME_NEUROTRANSMITTER_RELEASE_CYCLE	REACTOME_NEUROTRANSMITTER_RELEASE_CYCLE		49	-0.2893538	-0.9530654	0.5332136	0.85454214	1.0	3605	tags=31%, list=17%, signal=37%	
REACTOME_RAF_INDEPENDENT_MAPK1_3_ACTIVATION	REACTOME_RAF_INDEPENDENT_MAPK1_3_ACTIVATION		23	-0.33757722	-0.9528123	0.50457036	0.85398424	1.0	399	tags=9%, list=2%, signal=9%	
REACTOME_SIGNAL_AMPLIFICATION	REACTOME_SIGNAL_AMPLIFICATION		29	-0.32138145	-0.95258206	0.53571427	0.8533677	1.0	4169	tags=28%, list=20%, signal=34%	
REACTOME_S_PHASE	REACTOME_S_PHASE		161	-0.23889643	-0.9494421	0.57685953	0.8604529	1.0	7181	tags=34%, list=34%, signal=52%	
REACTOME_TRANSPORT_OF_ORGANIC_ANIONS	REACTOME_TRANSPORT_OF_ORGANIC_ANIONS		11	-0.40614867	-0.94729406	0.55166054	0.8649007	1.0	3370	tags=36%, list=16%, signal=43%	
REACTOME_MODULATION_BY_MTB_OF_HOST_IMMUNE_SYSTEM	REACTOME_MODULATION_BY_MTB_OF_HOST_IMMUNE_SYSTEM		7	-0.45785013	-0.9444625	0.53061223	0.8711517	1.0	1766	tags=29%, list=8%, signal=31%	
REACTOME_RNA_POLYMERASE_III_TRANSCRIPTION_INITIATION_FROM_TYPE_1_PROMOTER	REACTOME_RNA_POLYMERASE_III_TRANSCRIPTION_INITIATION_FROM_TYPE_1_PROMOTER		28	-0.32351932	-0.9425522	0.5096525	0.8747517	1.0	7560	tags=46%, list=36%, signal=73%	
REACTOME_PREGNENOLONE_BIOSYNTHESIS	REACTOME_PREGNENOLONE_BIOSYNTHESIS		11	-0.40379623	-0.9410189	0.53162056	0.8774275	1.0	1418	tags=18%, list=7%, signal=19%	
REACTOME_NEGATIVE_REGULATION_OF_MAPK_PATHWAY	REACTOME_NEGATIVE_REGULATION_OF_MAPK_PATHWAY		43	-0.29963443	-0.9408725	0.56959707	0.87652004	1.0	1679	tags=9%, list=8%, signal=10%	
REACTOME_DEFECTIVE_CHST14_CAUSES_EDS_MUSCULOCONTRACTURAL_TYPE	REACTOME_DEFECTIVE_CHST14_CAUSES_EDS_MUSCULOCONTRACTURAL_TYPE		8	-0.43529573	-0.9373946	0.5293006	0.8845966	1.0	1132	tags=25%, list=5%, signal=26%	
REACTOME_MITOCHONDRIAL_CALCIUM_ION_TRANSPORT	REACTOME_MITOCHONDRIAL_CALCIUM_ION_TRANSPORT		23	-0.33586544	-0.93706185	0.5379061	0.88417345	1.0	6775	tags=52%, list=33%, signal=77%	
REACTOME_G_BETA_GAMMA_SIGNALLING_THROUGH_PI3KGAMMA	REACTOME_G_BETA_GAMMA_SIGNALLING_THROUGH_PI3KGAMMA		21	-0.34688136	-0.9342245	0.57495254	0.8904848	1.0	5581	tags=43%, list=27%, signal=58%	
REACTOME_SIGNALLING_TO_ERKS	REACTOME_SIGNALLING_TO_ERKS		33	-0.30508685	-0.93421936	0.5602294	0.88918704	1.0	7518	tags=39%, list=36%, signal=62%	
REACTOME_DEFECTIVE_B4GALT7_CAUSES_EDS_PROGEROID_TYPE	REACTOME_DEFECTIVE_B4GALT7_CAUSES_EDS_PROGEROID_TYPE		20	-0.3461974	-0.93344635	0.5565371	0.88997215	1.0	2957	tags=30%, list=14%, signal=35%	
REACTOME_DNA_STRAND_ELONGATION	REACTOME_DNA_STRAND_ELONGATION		32	-0.30863374	-0.930452	0.5796064	0.89650846	1.0	7172	tags=41%, list=34%, signal=62%	
REACTOME_G2_M_DNA_REPLICATION_CHECKPOINT	REACTOME_G2_M_DNA_REPLICATION_CHECKPOINT		5	-0.49588898	-0.9304495	0.56725144	0.8952045	1.0	4653	tags=60%, list=22%, signal=77%	
REACTOME_TP53_REGULATES_TRANSCRIPTION_OF_SEVERAL_ADDITIONAL_CELL_DEATH_GENES_WHOSE_SPECIFIC_ROLES_IN_P53_DEPENDENT_APOPTOSIS_REMAIN_UNCERTAIN	REACTOME_TP53_REGULATES_TRANSCRIPTION_OF_SEVERAL_ADDITIONAL_CELL_DEATH_GENES_WHOSE_SPECIFIC_ROLES_IN_P53_DEPENDENT_APOPTOSIS_REMAIN_UNCERTAIN		14	-0.3802171	-0.93002677	0.5714286	0.89500445	1.0	4067	tags=29%, list=20%, signal=35%	
REACTOME_SPHINGOLIPID_METABOLISM	REACTOME_SPHINGOLIPID_METABOLISM		90	-0.25225633	-0.92980355	0.60144925	0.8942886	1.0	6145	tags=39%, list=30%, signal=55%	
REACTOME_ACYL_CHAIN_REMODELLING_OF_PS	REACTOME_ACYL_CHAIN_REMODELLING_OF_PS		20	-0.34165588	-0.9282238	0.52680224	0.8972391	1.0	3796	tags=30%, list=18%, signal=37%	
REACTOME_E2F_ENABLED_INHIBITION_OF_PRE_REPLICATION_COMPLEX_FORMATION	REACTOME_E2F_ENABLED_INHIBITION_OF_PRE_REPLICATION_COMPLEX_FORMATION		9	-0.42755285	-0.9258222	0.5469062	0.90225124	1.0	5186	tags=44%, list=25%, signal=59%	
REACTOME_ATTENUATION_PHASE	REACTOME_ATTENUATION_PHASE		25	-0.32591283	-0.9234407	0.5640074	0.90717363	1.0	5914	tags=40%, list=28%, signal=56%	
REACTOME_TRANSCRIPTIONAL_REGULATION_BY_E2F6	REACTOME_TRANSCRIPTIONAL_REGULATION_BY_E2F6		34	-0.29803026	-0.9218817	0.5858951	0.9098778	1.0	3361	tags=18%, list=16%, signal=21%	
REACTOME_DEFECTIVE_CHSY1_CAUSES_TPBS	REACTOME_DEFECTIVE_CHSY1_CAUSES_TPBS		8	-0.4265733	-0.9192096	0.5796545	0.91547215	1.0	1132	tags=25%, list=5%, signal=26%	
REACTOME_FLT3_SIGNALING_THROUGH_SRC_FAMILY_KINASES	REACTOME_FLT3_SIGNALING_THROUGH_SRC_FAMILY_KINASES		6	-0.46757466	-0.9168879	0.590535	0.9203319	1.0	3373	tags=50%, list=16%, signal=60%	
REACTOME_VLDL_CLEARANCE	REACTOME_VLDL_CLEARANCE		6	-0.46333766	-0.9166477	0.598778	0.91960984	1.0	1368	tags=33%, list=7%, signal=36%	
REACTOME_TRANSCRIPTION_OF_E2F_TARGETS_UNDER_NEGATIVE_CONTROL_BY_P107_RBL1_AND_P130_RBL2_IN_COMPLEX_WITH_HDAC1	REACTOME_TRANSCRIPTION_OF_E2F_TARGETS_UNDER_NEGATIVE_CONTROL_BY_P107_RBL1_AND_P130_RBL2_IN_COMPLEX_WITH_HDAC1		16	-0.36193287	-0.9141664	0.5805243	0.92463213	1.0	4820	tags=31%, list=23%, signal=41%	
REACTOME_P38MAPK_EVENTS	REACTOME_P38MAPK_EVENTS		13	-0.37393796	-0.9115782	0.5888031	0.93009704	1.0	8353	tags=54%, list=40%, signal=90%	
REACTOME_SARS_COV_2_ACTIVATES_MODULATES_INNATE_AND_ADAPTIVE_IMMUNE_RESPONSES	REACTOME_SARS_COV_2_ACTIVATES_MODULATES_INNATE_AND_ADAPTIVE_IMMUNE_RESPONSES		111	-0.24205334	-0.9114334	0.66056573	0.9291389	1.0	6208	tags=28%, list=30%, signal=40%	
REACTOME_ACTIVATION_OF_THE_AP_1_FAMILY_OF_TRANSCRIPTION_FACTORS	REACTOME_ACTIVATION_OF_THE_AP_1_FAMILY_OF_TRANSCRIPTION_FACTORS		10	-0.39738733	-0.91073763	0.5762712	0.92952776	1.0	2497	tags=30%, list=12%, signal=34%	
REACTOME_MAPK1_ERK2_ACTIVATION	REACTOME_MAPK1_ERK2_ACTIVATION		9	-0.4028079	-0.91013205	0.5761719	0.9297037	1.0	7458	tags=67%, list=36%, signal=104%	
REACTOME_MECP2_REGULATES_TRANSCRIPTION_FACTORS	REACTOME_MECP2_REGULATES_TRANSCRIPTION_FACTORS		5	-0.48826748	-0.9100367	0.59881425	0.9286179	1.0	693	tags=20%, list=3%, signal=21%	
REACTOME_METHIONINE_SALVAGE_PATHWAY	REACTOME_METHIONINE_SALVAGE_PATHWAY		6	-0.46156967	-0.90975267	0.58171207	0.92800504	1.0	5021	tags=50%, list=24%, signal=66%	
REACTOME_MATURATION_OF_SARS_COV_1_SPIKE_PROTEIN	REACTOME_MATURATION_OF_SARS_COV_1_SPIKE_PROTEIN		5	-0.47515005	-0.90559125	0.576699	0.93752354	1.0	10936	tags=100%, list=53%, signal=210%	
REACTOME_HSF1_DEPENDENT_TRANSACTIVATION	REACTOME_HSF1_DEPENDENT_TRANSACTIVATION		35	-0.28943536	-0.9044886	0.61869156	0.93898004	1.0	5914	tags=43%, list=28%, signal=60%	
REACTOME_ASSEMBLY_AND_CELL_SURFACE_PRESENTATION_OF_NMDA_RECEPTORS	REACTOME_ASSEMBLY_AND_CELL_SURFACE_PRESENTATION_OF_NMDA_RECEPTORS		43	-0.28099293	-0.9031365	0.610586	0.94113445	1.0	3677	tags=28%, list=18%, signal=34%	
REACTOME_SIALIC_ACID_METABOLISM	REACTOME_SIALIC_ACID_METABOLISM		33	-0.29256874	-0.9008284	0.60384613	0.9455412	1.0	4520	tags=33%, list=22%, signal=43%	
REACTOME_REGULATION_OF_HMOX1_EXPRESSION_AND_ACTIVITY	REACTOME_REGULATION_OF_HMOX1_EXPRESSION_AND_ACTIVITY		5	-0.48190343	-0.90070015	0.6026365	0.9445452	1.0	1024	tags=20%, list=5%, signal=21%	
REACTOME_TETRAHYDROBIOPTERIN_BH4_SYNTHESIS_RECYCLING_SALVAGE_AND_REGULATION	REACTOME_TETRAHYDROBIOPTERIN_BH4_SYNTHESIS_RECYCLING_SALVAGE_AND_REGULATION		10	-0.39565533	-0.9004109	0.5940594	0.9439315	1.0	4550	tags=50%, list=22%, signal=64%	
REACTOME_MET_INTERACTS_WITH_TNS_PROTEINS	REACTOME_MET_INTERACTS_WITH_TNS_PROTEINS		5	-0.47832522	-0.9000284	0.5785288	0.94355	1.0	3774	tags=60%, list=18%, signal=73%	
REACTOME_A_TETRASACCHARIDE_LINKER_SEQUENCE_IS_REQUIRED_FOR_GAG_SYNTHESIS	REACTOME_A_TETRASACCHARIDE_LINKER_SEQUENCE_IS_REQUIRED_FOR_GAG_SYNTHESIS		26	-0.31509578	-0.89746445	0.63915545	0.9487392	1.0	2957	tags=27%, list=14%, signal=31%	
REACTOME_RHOA_GTPASE_CYCLE	REACTOME_RHOA_GTPASE_CYCLE		148	-0.22858255	-0.896099	0.7544484	0.9508204	1.0	5274	tags=25%, list=25%, signal=33%	
REACTOME_G_ALPHA_12_13_SIGNALLING_EVENTS	REACTOME_G_ALPHA_12_13_SIGNALLING_EVENTS		76	-0.25219682	-0.89522463	0.672043	0.95182467	1.0	5581	tags=32%, list=27%, signal=43%	
REACTOME_RNA_POLYMERASE_III_TRANSCRIPTION_TERMINATION	REACTOME_RNA_POLYMERASE_III_TRANSCRIPTION_TERMINATION		23	-0.32046556	-0.89332026	0.5988372	0.95533174	1.0	7560	tags=48%, list=36%, signal=75%	
REACTOME_SIGNALING_BY_RECEPTOR_TYROSINE_KINASES	REACTOME_SIGNALING_BY_RECEPTOR_TYROSINE_KINASES		513	-0.19984542	-0.89300966	0.84565914	0.954761	1.0	3096	tags=15%, list=15%, signal=17%	
REACTOME_RECYCLING_OF_EIF2_GDP	REACTOME_RECYCLING_OF_EIF2_GDP		8	-0.41513783	-0.8879216	0.610338	0.9662463	1.0	12187	tags=100%, list=59%, signal=241%	
REACTOME_RUNX3_REGULATES_WNT_SIGNALING	REACTOME_RUNX3_REGULATES_WNT_SIGNALING		8	-0.42165616	-0.88711506	0.6312741	0.9668679	1.0	1520	tags=25%, list=7%, signal=27%	
CMP-N-ACETYLNEURAMINATE SYNTHESIS	CMP-N-ACETYLNEURAMINATE SYNTHESIS		4	-0.49786824	-0.8859429	0.6482214	0.9684466	1.0	6812	tags=75%, list=33%, signal=111%	
REACTOME_RHOC_GTPASE_CYCLE	REACTOME_RHOC_GTPASE_CYCLE		74	-0.24977948	-0.88571554	0.68439716	0.9676396	1.0	6381	tags=34%, list=31%, signal=49%	
REACTOME_DISORDERS_OF_TRANSMEMBRANE_TRANSPORTERS	REACTOME_DISORDERS_OF_TRANSMEMBRANE_TRANSPORTERS		170	-0.22044143	-0.88517225	0.74367625	0.96762466	1.0	2064	tags=9%, list=10%, signal=10%	
REACTOME_TRNA_MODIFICATION_IN_THE_MITOCHONDRION	REACTOME_TRNA_MODIFICATION_IN_THE_MITOCHONDRION		9	-0.40766618	-0.8842114	0.61740893	0.96859	1.0	2758	tags=22%, list=13%, signal=26%	
REACTOME_FGFR1B_LIGAND_BINDING_AND_ACTIVATION	REACTOME_FGFR1B_LIGAND_BINDING_AND_ACTIVATION		5	-0.46641824	-0.882216	0.62422997	0.9721436	1.0	212	tags=20%, list=1%, signal=20%	
REACTOME_DEFECTIVE_FACTOR_VIII_CAUSES_HEMOPHILIA_A	REACTOME_DEFECTIVE_FACTOR_VIII_CAUSES_HEMOPHILIA_A		7	-0.43265447	-0.88183564	0.6222664	0.97170377	1.0	7263	tags=57%, list=35%, signal=88%	
REACTOME_NOTCH_HLH_TRANSCRIPTION_PATHWAY	REACTOME_NOTCH_HLH_TRANSCRIPTION_PATHWAY		28	-0.29515716	-0.8784693	0.6672862	0.97855246	1.0	7581	tags=43%, list=36%, signal=67%	
REACTOME_TP53_REGULATES_TRANSCRIPTION_OF_CELL_CYCLE_GENES	REACTOME_TP53_REGULATES_TRANSCRIPTION_OF_CELL_CYCLE_GENES		49	-0.26617494	-0.8783159	0.67948717	0.9775524	1.0	2938	tags=18%, list=14%, signal=21%	
REACTOME_ABC_FAMILY_PROTEINS_MEDIATED_TRANSPORT	REACTOME_ABC_FAMILY_PROTEINS_MEDIATED_TRANSPORT		101	-0.23477733	-0.87771446	0.7231834	0.9776772	1.0	6424	tags=33%, list=31%, signal=47%	
REACTOME_CD28_CO_STIMULATION	REACTOME_CD28_CO_STIMULATION		33	-0.29600644	-0.87764406	0.64950496	0.97646844	1.0	5179	tags=42%, list=25%, signal=56%	
REACTOME_MICRORNA_MIRNA_BIOGENESIS	REACTOME_MICRORNA_MIRNA_BIOGENESIS		24	-0.31322336	-0.8768672	0.64935064	0.977092	1.0	7720	tags=50%, list=37%, signal=79%	
REACTOME_CYTOCHROME_C_MEDIATED_APOPTOTIC_RESPONSE	REACTOME_CYTOCHROME_C_MEDIATED_APOPTOTIC_RESPONSE		13	-0.35313967	-0.8751924	0.625	0.97970533	1.0	4676	tags=23%, list=22%, signal=30%	
REACTOME_DDX58_IFIH1_MEDIATED_INDUCTION_OF_INTERFERON_ALPHA_BETA	REACTOME_DDX58_IFIH1_MEDIATED_INDUCTION_OF_INTERFERON_ALPHA_BETA		68	-0.2502884	-0.87388414	0.72105265	0.9815121	1.0	4550	tags=18%, list=22%, signal=23%	
REACTOME_INITIATION_OF_NUCLEAR_ENVELOPE_NE_REFORMATION	REACTOME_INITIATION_OF_NUCLEAR_ENVELOPE_NE_REFORMATION		19	-0.32751912	-0.8736263	0.65561694	0.98077244	1.0	14015	tags=100%, list=67%, signal=305%	
PHENYLALANINE DEGRADATION	PHENYLALANINE DEGRADATION		7	-0.41608518	-0.87257427	0.6223507	0.9819463	1.0	1756	tags=29%, list=8%, signal=31%	
SPHINGOMYELIN SYNTHESIS	SPHINGOMYELIN SYNTHESIS		8	-0.40640596	-0.8723579	0.6254826	0.98116153	1.0	1737	tags=25%, list=8%, signal=27%	
REACTOME_SUPPRESSION_OF_APOPTOSIS	REACTOME_SUPPRESSION_OF_APOPTOSIS		7	-0.4169229	-0.87216926	0.62992126	0.9802699	1.0	1718	tags=14%, list=8%, signal=16%	
REACTOME_G_PROTEIN_ACTIVATION	REACTOME_G_PROTEIN_ACTIVATION		18	-0.32718924	-0.8716441	0.62267655	0.98019797	1.0	2076	tags=17%, list=10%, signal=18%	
REACTOME_ION_HOMEOSTASIS	REACTOME_ION_HOMEOSTASIS		54	-0.25474894	-0.87046194	0.6927374	0.9815069	1.0	5717	tags=43%, list=27%, signal=59%	
REACTOME_FACTORS_INVOLVED_IN_MEGAKARYOCYTE_DEVELOPMENT_AND_PLATELET_PRODUCTION	REACTOME_FACTORS_INVOLVED_IN_MEGAKARYOCYTE_DEVELOPMENT_AND_PLATELET_PRODUCTION		146	-0.22225446	-0.8701391	0.7667239	0.9809271	1.0	4340	tags=27%, list=21%, signal=34%	
REACTOME_CARGO_RECOGNITION_FOR_CLATHRIN_MEDIATED_ENDOCYTOSIS	REACTOME_CARGO_RECOGNITION_FOR_CLATHRIN_MEDIATED_ENDOCYTOSIS		104	-0.23206457	-0.8688168	0.77799225	0.9827335	1.0	4673	tags=26%, list=22%, signal=33%	
REACTOME_CHONDROITIN_SULFATE_DERMATAN_SULFATE_METABOLISM	REACTOME_CHONDROITIN_SULFATE_DERMATAN_SULFATE_METABOLISM		50	-0.26491606	-0.86822253	0.69016695	0.98273486	1.0	4781	tags=36%, list=23%, signal=47%	
REACTOME_TRANSPORT_TO_THE_GOLGI_AND_SUBSEQUENT_MODIFICATION	REACTOME_TRANSPORT_TO_THE_GOLGI_AND_SUBSEQUENT_MODIFICATION		185	-0.21515226	-0.8651361	0.8	0.9886098	1.0	6065	tags=30%, list=29%, signal=42%	
REACTOME_PHENYLALANINE_AND_TYROSINE_METABOLISM	REACTOME_PHENYLALANINE_AND_TYROSINE_METABOLISM		11	-0.37255487	-0.8651198	0.64811134	0.9873061	1.0	2210	tags=36%, list=11%, signal=41%	
REACTOME_GPVI_MEDIATED_ACTIVATION_CASCADE	REACTOME_GPVI_MEDIATED_ACTIVATION_CASCADE		35	-0.2766569	-0.8648375	0.6818182	0.98660594	1.0	6208	tags=51%, list=30%, signal=73%	
REACTOME_GLUTAMATE_AND_GLUTAMINE_METABOLISM	REACTOME_GLUTAMATE_AND_GLUTAMINE_METABOLISM		14	-0.35071126	-0.86428124	0.63670415	0.98651737	1.0	803	tags=14%, list=4%, signal=15%	
REACTOME_DISEASES_OF_BASE_EXCISION_REPAIR	REACTOME_DISEASES_OF_BASE_EXCISION_REPAIR		5	-0.4697221	-0.8642033	0.6610879	0.98537636	1.0	1728	tags=20%, list=8%, signal=22%	
REACTOME_MEMBRANE_TRAFFICKING	REACTOME_MEMBRANE_TRAFFICKING		618	-0.19089404	-0.864091	0.952	0.9842673	1.0	5850	tags=26%, list=28%, signal=35%	
REACTOME_APC_C_CDH1_MEDIATED_DEGRADATION_OF_CDC20_AND_OTHER_APC_C_CDH1_TARGETED_PROTEINS_IN_LATE_MITOSIS_EARLY_G1	REACTOME_APC_C_CDH1_MEDIATED_DEGRADATION_OF_CDC20_AND_OTHER_APC_C_CDH1_TARGETED_PROTEINS_IN_LATE_MITOSIS_EARLY_G1		72	-0.2436209	-0.8623092	0.7632509	0.98704565	1.0	6457	tags=31%, list=31%, signal=44%	
PHOSPHATIDYL-ETHANOLAMINE SYNTHESIS	PHOSPHATIDYL-ETHANOLAMINE SYNTHESIS		8	-0.40640596	-0.8612422	0.6210721	0.9882613	1.0	1737	tags=25%, list=8%, signal=27%	
REACTOME_REGULATION_OF_GENE_EXPRESSION_BY_HYPOXIA_INDUCIBLE_FACTOR	REACTOME_REGULATION_OF_GENE_EXPRESSION_BY_HYPOXIA_INDUCIBLE_FACTOR		10	-0.37407097	-0.8609663	0.6571429	0.98752	1.0	7290	tags=70%, list=35%, signal=108%	
REACTOME_MITOCHONDRIAL_TRNA_AMINOACYLATION	REACTOME_MITOCHONDRIAL_TRNA_AMINOACYLATION		21	-0.31575692	-0.8603975	0.6673307	0.9875821	1.0	7761	tags=43%, list=37%, signal=68%	
REACTOME_CREB_PHOSPHORYLATION	REACTOME_CREB_PHOSPHORYLATION		7	-0.42119128	-0.8587766	0.6455939	0.9898981	1.0	1246	tags=14%, list=6%, signal=15%	
REACTOME_IRON_UPTAKE_AND_TRANSPORT	REACTOME_IRON_UPTAKE_AND_TRANSPORT		56	-0.25378877	-0.85801226	0.72167	0.9901888	1.0	5989	tags=41%, list=29%, signal=57%	
REACTOME_HEME_DEGRADATION	REACTOME_HEME_DEGRADATION		15	-0.33681715	-0.85801	0.6640625	0.98886985	1.0	4496	tags=47%, list=22%, signal=59%	
REACTOME_SYNAPTIC_ADHESION_LIKE_MOLECULES	REACTOME_SYNAPTIC_ADHESION_LIKE_MOLECULES		20	-0.31876493	-0.8578332	0.6738703	0.9879163	1.0	1777	tags=20%, list=9%, signal=22%	
REACTOME_AURKA_ACTIVATION_BY_TPX2	REACTOME_AURKA_ACTIVATION_BY_TPX2		72	-0.24226387	-0.8577056	0.73333335	0.9868809	1.0	6163	tags=31%, list=30%, signal=43%	
REACTOME_NR1H3_NR1H2_REGULATE_GENE_EXPRESSION_LINKED_TO_CHOLESTEROL_TRANSPORT_AND_EFFLUX	REACTOME_NR1H3_NR1H2_REGULATE_GENE_EXPRESSION_LINKED_TO_CHOLESTEROL_TRANSPORT_AND_EFFLUX		37	-0.27575913	-0.85590833	0.6923077	0.98947406	1.0	5914	tags=32%, list=28%, signal=45%	
REACTOME_CIRCADIAN_CLOCK	REACTOME_CIRCADIAN_CLOCK		70	-0.24428923	-0.85536206	0.71153843	0.9894256	1.0	2254	tags=11%, list=11%, signal=13%	
REACTOME_ACTIVATION_OF_BH3_ONLY_PROTEINS	REACTOME_ACTIVATION_OF_BH3_ONLY_PROTEINS		30	-0.29309028	-0.8538514	0.6848816	0.9914011	1.0	4428	tags=30%, list=21%, signal=38%	
REACTOME_DERMATAN_SULFATE_BIOSYNTHESIS	REACTOME_DERMATAN_SULFATE_BIOSYNTHESIS		11	-0.37184468	-0.8528831	0.68110234	0.99225074	1.0	1132	tags=18%, list=5%, signal=19%	
REACTOME_BIOSYNTHESIS_OF_MARESIN_LIKE_SPMS	REACTOME_BIOSYNTHESIS_OF_MARESIN_LIKE_SPMS		6	-0.42757535	-0.8527992	0.661157	0.9911123	1.0	334	tags=17%, list=2%, signal=17%	
REACTOME_DEFECTIVE_CHST3_CAUSES_SEDCJD	REACTOME_DEFECTIVE_CHST3_CAUSES_SEDCJD		8	-0.41070962	-0.85218424	0.61723447	0.9910884	1.0	2784	tags=38%, list=13%, signal=43%	
REACTOME_REGULATION_OF_CYTOSKELETAL_REMODELING_AND_CELL_SPREADING_BY_IPP_COMPLEX_COMPONENTS	REACTOME_REGULATION_OF_CYTOSKELETAL_REMODELING_AND_CELL_SPREADING_BY_IPP_COMPLEX_COMPONENTS		8	-0.39077687	-0.85168844	0.65810275	0.99085224	1.0	4211	tags=38%, list=20%, signal=47%	
REACTOME_INTRACELLULAR_SIGNALING_BY_SECOND_MESSENGERS	REACTOME_INTRACELLULAR_SIGNALING_BY_SECOND_MESSENGERS		299	-0.19905739	-0.8509856	0.91233766	0.991085	1.0	4767	tags=23%, list=23%, signal=29%	
REACTOME_REGULATION_OF_NPAS4_GENE_EXPRESSION	REACTOME_REGULATION_OF_NPAS4_GENE_EXPRESSION		13	-0.34364158	-0.8504926	0.64833003	0.99089795	1.0	6089	tags=31%, list=29%, signal=43%	
REACTOME_ER_TO_GOLGI_ANTEROGRADE_TRANSPORT	REACTOME_ER_TO_GOLGI_ANTEROGRADE_TRANSPORT		154	-0.21390454	-0.85035133	0.83655536	0.9899226	1.0	7005	tags=34%, list=34%, signal=51%	
REACTOME_PLATELET_ACTIVATION_SIGNALING_AND_AGGREGATION	REACTOME_PLATELET_ACTIVATION_SIGNALING_AND_AGGREGATION		254	-0.20255578	-0.8500229	0.9086207	0.98935056	1.0	4427	tags=25%, list=21%, signal=31%	
REACTOME_OVARIAN_TUMOR_DOMAIN_PROTEASES	REACTOME_OVARIAN_TUMOR_DOMAIN_PROTEASES		39	-0.270419	-0.84962046	0.71892923	0.9889571	1.0	6675	tags=41%, list=32%, signal=60%	
REACTOME_DEFECTIVE_EXT2_CAUSES_EXOSTOSES_2	REACTOME_DEFECTIVE_EXT2_CAUSES_EXOSTOSES_2		14	-0.34546828	-0.84907025	0.646729	0.98885715	1.0	2957	tags=29%, list=14%, signal=33%	
REACTOME_SIGNALLING_TO_RAS	REACTOME_SIGNALLING_TO_RAS		20	-0.31677526	-0.848807	0.6883117	0.98813105	1.0	5009	tags=30%, list=24%, signal=39%	
REACTOME_SUMOYLATION_OF_DNA_REPLICATION_PROTEINS	REACTOME_SUMOYLATION_OF_DNA_REPLICATION_PROTEINS		46	-0.2559484	-0.8487347	0.7359155	0.9870055	1.0	7007	tags=30%, list=34%, signal=46%	
REACTOME_CONSTITUTIVE_SIGNALING_BY_LIGAND_RESPONSIVE_EGFR_CANCER_VARIANTS	REACTOME_CONSTITUTIVE_SIGNALING_BY_LIGAND_RESPONSIVE_EGFR_CANCER_VARIANTS		19	-0.31671643	-0.84864694	0.66917294	0.9859175	1.0	5152	tags=42%, list=25%, signal=56%	
REACTOME_RAC3_GTPASE_CYCLE	REACTOME_RAC3_GTPASE_CYCLE		92	-0.23150143	-0.8480803	0.7927757	0.9858259	1.0	4643	tags=22%, list=22%, signal=28%	
REACTOME_CROSS_PRESENTATION_OF_SOLUBLE_EXOGENOUS_ANTIGENS_ENDOSOMES	REACTOME_CROSS_PRESENTATION_OF_SOLUBLE_EXOGENOUS_ANTIGENS_ENDOSOMES		48	-0.25933138	-0.8475701	0.7476099	0.98565847	1.0	6424	tags=33%, list=31%, signal=48%	
REACTOME_SIGNALING_BY_FLT3_FUSION_PROTEINS	REACTOME_SIGNALING_BY_FLT3_FUSION_PROTEINS		19	-0.3172432	-0.84562284	0.68035716	0.9885858	1.0	5436	tags=42%, list=26%, signal=57%	
REACTOME_RNA_POLYMERASE_III_CHAIN_ELONGATION	REACTOME_RNA_POLYMERASE_III_CHAIN_ELONGATION		18	-0.32181254	-0.8455263	0.66468257	0.9875137	1.0	2297	tags=17%, list=11%, signal=19%	
DEOXYADENOSINE TRIPHOSPHATE SYNTHESIS (DATP)	DEOXYADENOSINE TRIPHOSPHATE SYNTHESIS (DATP)		8	-0.38916457	-0.84514284	0.68346775	0.9870543	1.0	7117	tags=50%, list=34%, signal=76%	
REACTOME_SPERM_MOTILITY_AND_TAXES	REACTOME_SPERM_MOTILITY_AND_TAXES		6	-0.42970225	-0.84336525	0.66536963	0.9894729	1.0	5778	tags=67%, list=28%, signal=92%	
REACTOME_FLT3_SIGNALING_BY_CBL_MUTANTS	REACTOME_FLT3_SIGNALING_BY_CBL_MUTANTS		7	-0.41267493	-0.84155154	0.6814672	0.99208134	1.0	317	tags=14%, list=2%, signal=15%	
REACTOME_CALCITONIN_LIKE_LIGAND_RECEPTORS	REACTOME_CALCITONIN_LIKE_LIGAND_RECEPTORS		10	-0.37632215	-0.8400839	0.6634981	0.99397886	1.0	3465	tags=40%, list=17%, signal=48%	
REACTOME_INTERLEUKIN_6_SIGNALING	REACTOME_INTERLEUKIN_6_SIGNALING		11	-0.36744478	-0.84007955	0.6870229	0.9927023	1.0	6102	tags=45%, list=29%, signal=64%	
REACTOME_PLASMA_LIPOPROTEIN_ASSEMBLY	REACTOME_PLASMA_LIPOPROTEIN_ASSEMBLY		18	-0.32173038	-0.8378861	0.697286	0.99593127	1.0	1641	tags=17%, list=8%, signal=18%	
REACTOME_DEGRADATION_OF_BETA_CATENIN_BY_THE_DESTRUCTION_COMPLEX	REACTOME_DEGRADATION_OF_BETA_CATENIN_BY_THE_DESTRUCTION_COMPLEX		83	-0.22903542	-0.8341476	0.79334503	1.0	1.0	7218	tags=36%, list=35%, signal=55%	
SYNTHESIS OF GALACTOSYL GLUCOSYL CERAMIDE (LINK WITH GANGLIOSIDE METABOLISM)	SYNTHESIS OF GALACTOSYL GLUCOSYL CERAMIDE (LINK WITH GANGLIOSIDE METABOLISM)		9	-0.37224215	-0.83400226	0.6933868	1.0	1.0	1737	tags=22%, list=8%, signal=24%	
REACTOME_THE_NLRP3_INFLAMMASOME	REACTOME_THE_NLRP3_INFLAMMASOME		16	-0.31798193	-0.83370185	0.7171904	1.0	1.0	2688	tags=19%, list=13%, signal=22%	
REACTOME_ION_CHANNEL_TRANSPORT	REACTOME_ION_CHANNEL_TRANSPORT		176	-0.20723993	-0.83137864	0.8920354	1.0	1.0	5534	tags=34%, list=27%, signal=46%	
REACTOME_ALPHA_DEFENSINS	REACTOME_ALPHA_DEFENSINS		7	-0.39926377	-0.8309561	0.67354596	1.0	1.0	1544	tags=29%, list=7%, signal=31%	
REACTOME_SARS_COV_2_HOST_INTERACTIONS	REACTOME_SARS_COV_2_HOST_INTERACTIONS		188	-0.20150045	-0.8284519	0.9063063	1.0	1.0	6208	tags=24%, list=30%, signal=35%	
REACTOME_G_PROTEIN_BETA_GAMMA_SIGNALLING	REACTOME_G_PROTEIN_BETA_GAMMA_SIGNALLING		28	-0.279603	-0.8283789	0.75	1.0	1.0	4169	tags=25%, list=20%, signal=31%	
REACTOME_MAPK3_ERK1_ACTIVATION	REACTOME_MAPK3_ERK1_ACTIVATION		10	-0.36131862	-0.827389	0.68063873	1.0	1.0	7458	tags=60%, list=36%, signal=93%	
REACTOME_SYNTHESIS_OF_DIPHTHAMIDE_EEF2	REACTOME_SYNTHESIS_OF_DIPHTHAMIDE_EEF2		8	-0.37974235	-0.8243379	0.68774706	1.0	1.0	2796	tags=25%, list=13%, signal=29%	
REACTOME_INTERLEUKIN_2_SIGNALING	REACTOME_INTERLEUKIN_2_SIGNALING		12	-0.34962094	-0.82243156	0.72088355	1.0	1.0	3373	tags=33%, list=16%, signal=40%	
REACTOME_RHO_GTPASE_EFFECTORS	REACTOME_RHO_GTPASE_EFFECTORS		298	-0.19386496	-0.820025	0.95507485	1.0	1.0	4673	tags=23%, list=22%, signal=29%	
REACTOME_TP53_REGULATES_TRANSCRIPTION_OF_GENES_INVOLVED_IN_G1_CELL_CYCLE_ARREST	REACTOME_TP53_REGULATES_TRANSCRIPTION_OF_GENES_INVOLVED_IN_G1_CELL_CYCLE_ARREST		14	-0.3339801	-0.81908137	0.69215685	1.0	1.0	2938	tags=29%, list=14%, signal=33%	
REACTOME_SYNTHESIS_OF_PIPS_AT_THE_GOLGI_MEMBRANE	REACTOME_SYNTHESIS_OF_PIPS_AT_THE_GOLGI_MEMBRANE		17	-0.30992913	-0.81777847	0.711501	1.0	1.0	8002	tags=59%, list=38%, signal=95%	
REACTOME_ORGANELLE_BIOGENESIS_AND_MAINTENANCE	REACTOME_ORGANELLE_BIOGENESIS_AND_MAINTENANCE		290	-0.19419244	-0.81733334	0.9568221	1.0	1.0	6163	tags=29%, list=30%, signal=40%	
REACTOME_INTERLEUKIN_35_SIGNALLING	REACTOME_INTERLEUKIN_35_SIGNALLING		12	-0.3389481	-0.8171541	0.7037037	1.0	1.0	1502	tags=17%, list=7%, signal=18%	
REACTOME_RHOB_GTPASE_CYCLE	REACTOME_RHOB_GTPASE_CYCLE		70	-0.22821233	-0.81702685	0.8357934	1.0	1.0	6529	tags=36%, list=31%, signal=52%	
REACTOME_INFECTIOUS_DISEASE	REACTOME_INFECTIOUS_DISEASE		964	-0.1749901	-0.8163897	1.0	1.0	1.0	4017	tags=15%, list=19%, signal=18%	
REACTOME_DOWNSTREAM_SIGNAL_TRANSDUCTION	REACTOME_DOWNSTREAM_SIGNAL_TRANSDUCTION		29	-0.26926574	-0.8147718	0.72962964	1.0	1.0	6362	tags=34%, list=31%, signal=50%	
REACTOME_THE_FATTY_ACID_CYCLING_MODEL	REACTOME_THE_FATTY_ACID_CYCLING_MODEL		5	-0.4408693	-0.8146359	0.7280164	1.0	1.0	1553	tags=20%, list=7%, signal=22%	
REACTOME_MUCOPOLYSACCHARIDOSES	REACTOME_MUCOPOLYSACCHARIDOSES		11	-0.3405566	-0.81406736	0.6942308	1.0	1.0	8072	tags=64%, list=39%, signal=104%	
REACTOME_COHESIN_LOADING_ONTO_CHROMATIN	REACTOME_COHESIN_LOADING_ONTO_CHROMATIN		10	-0.35148895	-0.8100531	0.69061875	1.0	1.0	13513	tags=100%, list=65%, signal=285%	
REACTOME_RA_BIOSYNTHESIS_PATHWAY	REACTOME_RA_BIOSYNTHESIS_PATHWAY		22	-0.29449743	-0.80997556	0.74907064	1.0	1.0	3503	tags=36%, list=17%, signal=44%	
REACTOME_CTLA4_INHIBITORY_SIGNALING	REACTOME_CTLA4_INHIBITORY_SIGNALING		21	-0.29497847	-0.8092479	0.7471698	1.0	1.0	4767	tags=29%, list=23%, signal=37%	
REACTOME_INTERLEUKIN_15_SIGNALING	REACTOME_INTERLEUKIN_15_SIGNALING		14	-0.32542914	-0.80906713	0.7180451	1.0	1.0	7114	tags=50%, list=34%, signal=76%	
REACTOME_RHOU_GTPASE_CYCLE	REACTOME_RHOU_GTPASE_CYCLE		40	-0.25148186	-0.8055707	0.8099631	1.0	1.0	4673	tags=23%, list=22%, signal=29%	
REACTOME_PTK6_REGULATES_CELL_CYCLE	REACTOME_PTK6_REGULATES_CELL_CYCLE		6	-0.40489417	-0.8055437	0.71227366	1.0	1.0	2938	tags=33%, list=14%, signal=39%	
REACTOME_L1CAM_INTERACTIONS	REACTOME_L1CAM_INTERACTIONS		118	-0.21036898	-0.80519813	0.8927203	1.0	1.0	3407	tags=20%, list=16%, signal=24%	
REACTOME_FOXO_MEDIATED_TRANSCRIPTION_OF_CELL_DEATH_GENES	REACTOME_FOXO_MEDIATED_TRANSCRIPTION_OF_CELL_DEATH_GENES		16	-0.31165826	-0.8039063	0.7504836	1.0	1.0	4316	tags=38%, list=21%, signal=47%	
REACTOME_STRIATED_MUSCLE_CONTRACTION	REACTOME_STRIATED_MUSCLE_CONTRACTION		36	-0.26560035	-0.8027893	0.7889546	1.0	1.0	4518	tags=36%, list=22%, signal=46%	
REACTOME_SIGNALING_BY_VEGF	REACTOME_SIGNALING_BY_VEGF		105	-0.21122761	-0.80097216	0.89784944	1.0	1.0	6099	tags=34%, list=29%, signal=48%	
REACTOME_ENOS_ACTIVATION	REACTOME_ENOS_ACTIVATION		11	-0.3405424	-0.8008312	0.74	1.0	1.0	6060	tags=45%, list=29%, signal=64%	
REACTOME_PYRIMIDINE_SALVAGE	REACTOME_PYRIMIDINE_SALVAGE		11	-0.353359	-0.80035114	0.7131783	1.0	1.0	2686	tags=27%, list=13%, signal=31%	
REACTOME_OTHER_SEMAPHORIN_INTERACTIONS	REACTOME_OTHER_SEMAPHORIN_INTERACTIONS		19	-0.3006311	-0.80018747	0.75	1.0	1.0	538	tags=11%, list=3%, signal=11%	
REACTOME_PROTEIN_METHYLATION	REACTOME_PROTEIN_METHYLATION		17	-0.313436	-0.80003774	0.7504587	1.0	1.0	3175	tags=18%, list=15%, signal=21%	
TYROSINE TO DOPAMINE	TYROSINE TO DOPAMINE		2	-0.5360412	-0.79991657	0.77237356	1.0	1.0	2685	tags=50%, list=13%, signal=57%	
REACTOME_FGFR2_ALTERNATIVE_SPLICING	REACTOME_FGFR2_ALTERNATIVE_SPLICING		27	-0.27264512	-0.79980004	0.7638095	1.0	1.0	5206	tags=30%, list=25%, signal=39%	
REACTOME_REGULATION_OF_GENE_EXPRESSION_IN_EARLY_PANCREATIC_PRECURSOR_CELLS	REACTOME_REGULATION_OF_GENE_EXPRESSION_IN_EARLY_PANCREATIC_PRECURSOR_CELLS		8	-0.37120435	-0.79803073	0.7092338	1.0	1.0	4308	tags=50%, list=21%, signal=63%	
REACTOME_NUCLEAR_ENVELOPE_BREAKDOWN	REACTOME_NUCLEAR_ENVELOPE_BREAKDOWN		53	-0.2411047	-0.79757684	0.82222223	1.0	1.0	5866	tags=25%, list=28%, signal=34%	
REACTOME_TRNA_PROCESSING_IN_THE_NUCLEUS	REACTOME_TRNA_PROCESSING_IN_THE_NUCLEUS		58	-0.23333265	-0.7968885	0.8183453	1.0	1.0	7906	tags=36%, list=38%, signal=58%	
REACTOME_MRNA_EDITING	REACTOME_MRNA_EDITING		8	-0.36979306	-0.79416925	0.71428573	1.0	1.0	3646	tags=50%, list=18%, signal=61%	
REACTOME_SIGNALING_BY_PDGFRA_TRANSMEMBRANE_JUXTAMEMBRANE_AND_KINASE_DOMAIN_MUTANTS	REACTOME_SIGNALING_BY_PDGFRA_TRANSMEMBRANE_JUXTAMEMBRANE_AND_KINASE_DOMAIN_MUTANTS		12	-0.3372545	-0.7939989	0.71484375	1.0	1.0	6099	tags=33%, list=29%, signal=47%	
REACTOME_PLATELET_CALCIUM_HOMEOSTASIS	REACTOME_PLATELET_CALCIUM_HOMEOSTASIS		27	-0.27167505	-0.7931417	0.78707224	1.0	1.0	5487	tags=37%, list=26%, signal=50%	
REACTOME_SARS_COV_2_INFECTION	REACTOME_SARS_COV_2_INFECTION		283	-0.18737546	-0.79160565	0.9911817	1.0	1.0	6905	tags=30%, list=33%, signal=44%	
REACTOME_CDC6_ASSOCIATION_WITH_THE_ORC_ORIGIN_COMPLEX	REACTOME_CDC6_ASSOCIATION_WITH_THE_ORC_ORIGIN_COMPLEX		8	-0.37104452	-0.78989434	0.75	1.0	1.0	5186	tags=38%, list=25%, signal=50%	
REACTOME_RHOD_GTPASE_CYCLE	REACTOME_RHOD_GTPASE_CYCLE		52	-0.23931086	-0.7892376	0.85026735	1.0	1.0	1971	tags=12%, list=9%, signal=13%	
REACTOME_HDL_CLEARANCE	REACTOME_HDL_CLEARANCE		5	-0.42018932	-0.7891512	0.7295597	1.0	1.0	742	tags=20%, list=4%, signal=21%	
REACTOME_ION_TRANSPORT_BY_P_TYPE_ATPASES	REACTOME_ION_TRANSPORT_BY_P_TYPE_ATPASES		55	-0.23489909	-0.78893757	0.863388	1.0	1.0	3077	tags=18%, list=15%, signal=21%	
REACTOME_FBXW7_MUTANTS_AND_NOTCH1_IN_CANCER	REACTOME_FBXW7_MUTANTS_AND_NOTCH1_IN_CANCER		5	-0.42173257	-0.78811646	0.74044263	1.0	1.0	2561	tags=20%, list=12%, signal=23%	
REACTOME_RESOLUTION_OF_D_LOOP_STRUCTURES_THROUGH_SYNTHESIS_DEPENDENT_STRAND_ANNEALING_SDSA	REACTOME_RESOLUTION_OF_D_LOOP_STRUCTURES_THROUGH_SYNTHESIS_DEPENDENT_STRAND_ANNEALING_SDSA		27	-0.27001065	-0.7879072	0.79457366	1.0	1.0	3361	tags=15%, list=16%, signal=18%	
REACTOME_ZINC_INFLUX_INTO_CELLS_BY_THE_SLC39_GENE_FAMILY	REACTOME_ZINC_INFLUX_INTO_CELLS_BY_THE_SLC39_GENE_FAMILY		10	-0.3475331	-0.7875797	0.7218935	1.0	1.0	3081	tags=30%, list=15%, signal=35%	
REACTOME_RRNA_PROCESSING	REACTOME_RRNA_PROCESSING		204	-0.19360253	-0.78513896	0.9711375	1.0	1.0	15711	tags=98%, list=75%, signal=393%	
REACTOME_ACTIVATION_OF_THE_PRE_REPLICATIVE_COMPLEX	REACTOME_ACTIVATION_OF_THE_PRE_REPLICATIVE_COMPLEX		33	-0.258905	-0.7848954	0.8078358	1.0	1.0	5572	tags=27%, list=27%, signal=37%	
REACTOME_REGULATION_OF_MRNA_STABILITY_BY_PROTEINS_THAT_BIND_AU_RICH_ELEMENTS	REACTOME_REGULATION_OF_MRNA_STABILITY_BY_PROTEINS_THAT_BIND_AU_RICH_ELEMENTS		85	-0.2171426	-0.7845093	0.88848263	1.0	1.0	6424	tags=32%, list=31%, signal=46%	
REACTOME_ACTIVATION_OF_CASPASES_THROUGH_APOPTOSOME_MEDIATED_CLEAVAGE	REACTOME_ACTIVATION_OF_CASPASES_THROUGH_APOPTOSOME_MEDIATED_CLEAVAGE		6	-0.39849368	-0.784007	0.7464503	1.0	1.0	4676	tags=33%, list=22%, signal=43%	
REACTOME_CONVERSION_FROM_APC_C_CDC20_TO_APC_C_CDH1_IN_LATE_ANAPHASE	REACTOME_CONVERSION_FROM_APC_C_CDC20_TO_APC_C_CDH1_IN_LATE_ANAPHASE		20	-0.28872427	-0.7838618	0.7722222	1.0	1.0	4768	tags=20%, list=23%, signal=26%	
REACTOME_BUTYRATE_RESPONSE_FACTOR_1_BRF1_BINDS_AND_DESTABILIZES_MRNA	REACTOME_BUTYRATE_RESPONSE_FACTOR_1_BRF1_BINDS_AND_DESTABILIZES_MRNA		17	-0.30336323	-0.7833857	0.7771318	1.0	1.0	5371	tags=35%, list=26%, signal=48%	
REACTOME_CS_DS_DEGRADATION	REACTOME_CS_DS_DEGRADATION		14	-0.3135803	-0.78278494	0.74319065	1.0	1.0	1132	tags=14%, list=5%, signal=15%	
REACTOME_CDC42_GTPASE_CYCLE	REACTOME_CDC42_GTPASE_CYCLE		153	-0.19642013	-0.7823021	0.9388489	1.0	1.0	5074	tags=25%, list=24%, signal=33%	
REACTOME_SIGNALING_BY_RHO_GTPASES_MIRO_GTPASES_AND_RHOBTB3	REACTOME_SIGNALING_BY_RHO_GTPASES_MIRO_GTPASES_AND_RHOBTB3		693	-0.17127489	-0.7814912	0.9984825	1.0	1.0	4673	tags=20%, list=22%, signal=25%	
REACTOME_TFAP2_AP_2_FAMILY_REGULATES_TRANSCRIPTION_OF_CELL_CYCLE_FACTORS	REACTOME_TFAP2_AP_2_FAMILY_REGULATES_TRANSCRIPTION_OF_CELL_CYCLE_FACTORS		5	-0.42486447	-0.780904	0.7439516	1.0	1.0	4595	tags=40%, list=22%, signal=51%	
REACTOME_CHYLOMICRON_ASSEMBLY	REACTOME_CHYLOMICRON_ASSEMBLY		10	-0.34579533	-0.78035915	0.74810606	1.0	1.0	1368	tags=20%, list=7%, signal=21%	
REACTOME_APC_C_MEDIATED_DEGRADATION_OF_CELL_CYCLE_PROTEINS	REACTOME_APC_C_MEDIATED_DEGRADATION_OF_CELL_CYCLE_PROTEINS		86	-0.21357848	-0.7783566	0.89520425	1.0	1.0	7181	tags=35%, list=34%, signal=53%	
REACTOME_CYCLIN_A_CDK2_ASSOCIATED_EVENTS_AT_S_PHASE_ENTRY	REACTOME_CYCLIN_A_CDK2_ASSOCIATED_EVENTS_AT_S_PHASE_ENTRY		85	-0.21663544	-0.77788436	0.8812057	1.0	1.0	6424	tags=32%, list=31%, signal=46%	
REACTOME_SLC_TRANSPORTER_DISORDERS	REACTOME_SLC_TRANSPORTER_DISORDERS		94	-0.21138212	-0.7760471	0.9187146	1.0	1.0	913	tags=6%, list=4%, signal=7%	
REACTOME_MRNA_EDITING_C_TO_U_CONVERSION	REACTOME_MRNA_EDITING_C_TO_U_CONVERSION		6	-0.40404525	-0.7760195	0.75301206	1.0	1.0	3646	tags=67%, list=18%, signal=81%	
REACTOME_METAL_ION_SLC_TRANSPORTERS	REACTOME_METAL_ION_SLC_TRANSPORTERS		24	-0.27559268	-0.7760138	0.80185187	1.0	1.0	3638	tags=33%, list=17%, signal=40%	
REACTOME_SUMOYLATION	REACTOME_SUMOYLATION		179	-0.19162108	-0.7755495	0.97063905	1.0	1.0	3405	tags=13%, list=16%, signal=15%	
REACTOME_VITAMIN_C_ASCORBATE_METABOLISM	REACTOME_VITAMIN_C_ASCORBATE_METABOLISM		8	-0.35683066	-0.77094924	0.74858224	1.0	1.0	1148	tags=25%, list=6%, signal=26%	
REACTOME_SELENOAMINO_ACID_METABOLISM	REACTOME_SELENOAMINO_ACID_METABOLISM		117	-0.20190872	-0.7707755	0.92665476	1.0	1.0	486	tags=3%, list=2%, signal=3%	
REACTOME_CLEC7A_DECTIN_1_INDUCES_NFAT_ACTIVATION	REACTOME_CLEC7A_DECTIN_1_INDUCES_NFAT_ACTIVATION		11	-0.3296938	-0.7693378	0.76459855	1.0	1.0	7836	tags=55%, list=38%, signal=87%	
REACTOME_DISEASES_OF_SIGNAL_TRANSDUCTION_BY_GROWTH_FACTOR_RECEPTORS_AND_SECOND_MESSENGERS	REACTOME_DISEASES_OF_SIGNAL_TRANSDUCTION_BY_GROWTH_FACTOR_RECEPTORS_AND_SECOND_MESSENGERS		426	-0.1756168	-0.7652964	1.0	1.0	1.0	5486	tags=25%, list=26%, signal=33%	
REACTOME_N_GLYCAN_TRIMMING_AND_ELONGATION_IN_THE_CIS_GOLGI	REACTOME_N_GLYCAN_TRIMMING_AND_ELONGATION_IN_THE_CIS_GOLGI		5	-0.41737425	-0.7645377	0.751503	1.0	1.0	3076	tags=40%, list=15%, signal=47%	
REACTOME_RESOLUTION_OF_D_LOOP_STRUCTURES	REACTOME_RESOLUTION_OF_D_LOOP_STRUCTURES		34	-0.24455054	-0.7611422	0.85509837	1.0	1.0	3476	tags=15%, list=17%, signal=18%	
REACTOME_HS_GAG_DEGRADATION	REACTOME_HS_GAG_DEGRADATION		22	-0.27273488	-0.75973547	0.84182775	1.0	1.0	6112	tags=41%, list=29%, signal=58%	
REACTOME_PTEN_REGULATION	REACTOME_PTEN_REGULATION		136	-0.19544673	-0.7597306	0.95729536	1.0	1.0	6424	tags=29%, list=31%, signal=41%	
REACTOME_NECTIN_NECL_TRANS_HETERODIMERIZATION	REACTOME_NECTIN_NECL_TRANS_HETERODIMERIZATION		7	-0.3687501	-0.75720674	0.75791436	1.0	1.0	5023	tags=29%, list=24%, signal=38%	
REACTOME_SYNTHESIS_OF_DNA	REACTOME_SYNTHESIS_OF_DNA		119	-0.19911405	-0.75614065	0.9442568	1.0	1.0	7181	tags=34%, list=34%, signal=51%	
REACTOME_SEMAPHORIN_INTERACTIONS	REACTOME_SEMAPHORIN_INTERACTIONS		64	-0.21815452	-0.75538844	0.9151291	1.0	1.0	538	tags=5%, list=3%, signal=5%	
REACTOME_TP53_REGULATES_TRANSCRIPTION_OF_GENES_INVOLVED_IN_CYTOCHROME_C_RELEASE	REACTOME_TP53_REGULATES_TRANSCRIPTION_OF_GENES_INVOLVED_IN_CYTOCHROME_C_RELEASE		20	-0.2735204	-0.75451297	0.8185328	1.0	1.0	1754	tags=15%, list=8%, signal=16%	
REACTOME_HIV_ELONGATION_ARREST_AND_RECOVERY	REACTOME_HIV_ELONGATION_ARREST_AND_RECOVERY		32	-0.24923381	-0.7480489	0.86306304	1.0	1.0	7720	tags=47%, list=37%, signal=74%	
REACTOME_SYNTHESIS_OF_WYBUTOSINE_AT_G37_OF_TRNA_PHE	REACTOME_SYNTHESIS_OF_WYBUTOSINE_AT_G37_OF_TRNA_PHE		6	-0.3852515	-0.7472122	0.7547893	1.0	1.0	2308	tags=17%, list=11%, signal=19%	
REACTOME_REGULATION_OF_PTEN_MRNA_TRANSLATION	REACTOME_REGULATION_OF_PTEN_MRNA_TRANSLATION		9	-0.33825636	-0.74688596	0.75633526	1.0	1.0	5506	tags=33%, list=26%, signal=45%	
REACTOME_ALK_MUTANTS_BIND_TKIS	REACTOME_ALK_MUTANTS_BIND_TKIS		12	-0.31225365	-0.7450617	0.7980769	1.0	1.0	3206	tags=25%, list=15%, signal=30%	
REACTOME_NUCLEOTIDE_BINDING_DOMAIN_LEUCINE_RICH_REPEAT_CONTAINING_RECEPTOR_NLR_SIGNALING_PATHWAYS	REACTOME_NUCLEOTIDE_BINDING_DOMAIN_LEUCINE_RICH_REPEAT_CONTAINING_RECEPTOR_NLR_SIGNALING_PATHWAYS		56	-0.22064726	-0.7418029	0.9027523	1.0	1.0	5644	tags=25%, list=27%, signal=34%	
REACTOME_SHC1_EVENTS_IN_ERBB2_SIGNALING	REACTOME_SHC1_EVENTS_IN_ERBB2_SIGNALING		22	-0.26812398	-0.739919	0.8218182	1.0	1.0	3223	tags=27%, list=15%, signal=32%	
REACTOME_HEDGEHOG_OFF_STATE	REACTOME_HEDGEHOG_OFF_STATE		110	-0.19481756	-0.73886544	0.96886444	1.0	1.0	6424	tags=29%, list=31%, signal=42%	
REACTOME_LOSS_OF_MECP2_BINDING_ABILITY_TO_THE_NCOR_SMRT_COMPLEX	REACTOME_LOSS_OF_MECP2_BINDING_ABILITY_TO_THE_NCOR_SMRT_COMPLEX		7	-0.3556164	-0.7387491	0.7705263	1.0	1.0	13426	tags=100%, list=64%, signal=281%	
REACTOME_DISPLACEMENT_OF_DNA_GLYCOSYLASE_BY_APEX1	REACTOME_DISPLACEMENT_OF_DNA_GLYCOSYLASE_BY_APEX1		9	-0.34044975	-0.7375435	0.8113208	1.0	1.0	7946	tags=56%, list=38%, signal=90%	
REACTOME_TRNA_AMINOACYLATION	REACTOME_TRNA_AMINOACYLATION		42	-0.22942545	-0.73704445	0.9041591	1.0	1.0	15175	tags=98%, list=73%, signal=359%	
REACTOME_NEGATIVE_REGULATION_OF_ACTIVITY_OF_TFAP2_AP_2_FAMILY_TRANSCRIPTION_FACTORS	REACTOME_NEGATIVE_REGULATION_OF_ACTIVITY_OF_TFAP2_AP_2_FAMILY_TRANSCRIPTION_FACTORS		9	-0.3280477	-0.7365167	0.7981132	1.0	1.0	4595	tags=33%, list=22%, signal=43%	
REACTOME_CLATHRIN_MEDIATED_ENDOCYTOSIS	REACTOME_CLATHRIN_MEDIATED_ENDOCYTOSIS		144	-0.18828718	-0.73640937	0.97619045	1.0	1.0	4673	tags=22%, list=22%, signal=28%	
REACTOME_APC_C_CDC20_MEDIATED_DEGRADATION_OF_CYCLIN_B	REACTOME_APC_C_CDC20_MEDIATED_DEGRADATION_OF_CYCLIN_B		24	-0.25514913	-0.7351245	0.8650089	1.0	1.0	5152	tags=25%, list=25%, signal=33%	
REACTOME_FORMATION_OF_RNA_POL_II_ELONGATION_COMPLEX	REACTOME_FORMATION_OF_RNA_POL_II_ELONGATION_COMPLEX		57	-0.21518853	-0.7343546	0.9139194	1.0	1.0	7720	tags=37%, list=37%, signal=58%	
REACTOME_REGULATION_OF_RUNX1_EXPRESSION_AND_ACTIVITY	REACTOME_REGULATION_OF_RUNX1_EXPRESSION_AND_ACTIVITY		17	-0.28485826	-0.7310437	0.85	1.0	1.0	2798	tags=18%, list=13%, signal=20%	
REACTOME_REGULATION_OF_KIT_SIGNALING	REACTOME_REGULATION_OF_KIT_SIGNALING		16	-0.28582203	-0.73030466	0.82846004	1.0	1.0	586	tags=6%, list=3%, signal=6%	
REACTOME_SIGNALING_BY_ALK_IN_CANCER	REACTOME_SIGNALING_BY_ALK_IN_CANCER		55	-0.21850877	-0.7302957	0.92349726	1.0	1.0	3433	tags=16%, list=16%, signal=20%	
REACTOME_RHOT1_GTPASE_CYCLE	REACTOME_RHOT1_GTPASE_CYCLE		5	-0.38614112	-0.72750914	0.8120301	1.0	1.0	7094	tags=80%, list=34%, signal=121%	
REACTOME_MRNA_DECAY_BY_3_TO_5_EXORIBONUCLEASE	REACTOME_MRNA_DECAY_BY_3_TO_5_EXORIBONUCLEASE		16	-0.2772948	-0.72661144	0.84962404	1.0	1.0	6593	tags=31%, list=32%, signal=46%	
REACTOME_INTERLEUKIN_37_SIGNALING	REACTOME_INTERLEUKIN_37_SIGNALING		21	-0.2684067	-0.72641253	0.83716476	1.0	1.0	6208	tags=38%, list=30%, signal=54%	
REACTOME_SIGNALING_BY_CSF1_M_CSF_IN_MYELOID_CELLS	REACTOME_SIGNALING_BY_CSF1_M_CSF_IN_MYELOID_CELLS		31	-0.24057531	-0.72564083	0.8769231	1.0	1.0	5152	tags=35%, list=25%, signal=47%	
REACTOME_PROGRAMMED_CELL_DEATH	REACTOME_PROGRAMMED_CELL_DEATH		207	-0.17702825	-0.7253629	0.9914383	1.0	1.0	6535	tags=33%, list=31%, signal=48%	
REACTOME_THE_PHOTOTRANSDUCTION_CASCADE	REACTOME_THE_PHOTOTRANSDUCTION_CASCADE		24	-0.2578046	-0.7235555	0.875969	1.0	1.0	4483	tags=25%, list=22%, signal=32%	
REACTOME_PHOSPHATE_BOND_HYDROLYSIS_BY_NTPDASE_PROTEINS	REACTOME_PHOSPHATE_BOND_HYDROLYSIS_BY_NTPDASE_PROTEINS		8	-0.35000113	-0.72327936	0.8229167	1.0	1.0	1573	tags=13%, list=8%, signal=14%	
REACTOME_MIRO_GTPASE_CYCLE	REACTOME_MIRO_GTPASE_CYCLE		8	-0.34471276	-0.7228457	0.8151094	1.0	1.0	7094	tags=63%, list=34%, signal=95%	
DEOXYTHYMIDINE TRIPHOSPHATE SYNTHESIS (DTTP)	DEOXYTHYMIDINE TRIPHOSPHATE SYNTHESIS (DTTP)		8	-0.33680996	-0.7204515	0.8216433	1.0	1.0	6629	tags=50%, list=32%, signal=73%	
REACTOME_PURINE_RIBONUCLEOSIDE_MONOPHOSPHATE_BIOSYNTHESIS	REACTOME_PURINE_RIBONUCLEOSIDE_MONOPHOSPHATE_BIOSYNTHESIS		11	-0.3040139	-0.7201458	0.84646463	1.0	1.0	909	tags=9%, list=4%, signal=10%	
REACTOME_CHK1_CHK2_CDS1_MEDIATED_INACTIVATION_OF_CYCLIN_B_CDK1_COMPLEX	REACTOME_CHK1_CHK2_CDS1_MEDIATED_INACTIVATION_OF_CYCLIN_B_CDK1_COMPLEX		13	-0.29354435	-0.71552867	0.84584177	1.0	1.0	2382	tags=23%, list=11%, signal=26%	
REACTOME_ACTIVATION_OF_IRF3_IRF7_MEDIATED_BY_TBK1_IKK_EPSILON	REACTOME_ACTIVATION_OF_IRF3_IRF7_MEDIATED_BY_TBK1_IKK_EPSILON		17	-0.27426192	-0.71539646	0.8731884	1.0	1.0	2113	tags=18%, list=10%, signal=20%	
REACTOME_INTERLEUKIN_18_SIGNALING	REACTOME_INTERLEUKIN_18_SIGNALING		7	-0.3470468	-0.7133551	0.8377282	1.0	1.0	4622	tags=43%, list=22%, signal=55%	
REACTOME_INTERLEUKIN_20_FAMILY_SIGNALING	REACTOME_INTERLEUKIN_20_FAMILY_SIGNALING		21	-0.2610071	-0.71317625	0.8636364	1.0	1.0	2972	tags=19%, list=14%, signal=22%	
REACTOME_INTRAFLAGELLAR_TRANSPORT	REACTOME_INTRAFLAGELLAR_TRANSPORT		53	-0.2149706	-0.71305096	0.9352518	1.0	1.0	3705	tags=19%, list=18%, signal=23%	
REACTOME_SODIUM_COUPLED_SULPHATE_DI_AND_TRI_CARBOXYLATE_TRANSPORTERS	REACTOME_SODIUM_COUPLED_SULPHATE_DI_AND_TRI_CARBOXYLATE_TRANSPORTERS		4	-0.4033176	-0.71188796	0.7956778	1.0	1.0	813	tags=25%, list=4%, signal=26%	
REACTOME_SARS_COV_1_INFECTION	REACTOME_SARS_COV_1_INFECTION		142	-0.1801862	-0.7118558	0.9895652	1.0	1.0	6516	tags=25%, list=31%, signal=37%	
REACTOME_SYNTHESIS_OF_12_EICOSATETRAENOIC_ACID_DERIVATIVES	REACTOME_SYNTHESIS_OF_12_EICOSATETRAENOIC_ACID_DERIVATIVES		7	-0.3507143	-0.71178204	0.81142855	1.0	1.0	3025	tags=43%, list=15%, signal=50%	
REACTOME_M_PHASE	REACTOME_M_PHASE		390	-0.16197154	-0.7113896	1.0	1.0	1.0	6490	tags=29%, list=31%, signal=42%	
REACTOME_ACTIVATED_TAK1_MEDIATES_P38_MAPK_ACTIVATION	REACTOME_ACTIVATED_TAK1_MEDIATES_P38_MAPK_ACTIVATION		23	-0.251957	-0.710965	0.87896824	1.0	1.0	2787	tags=13%, list=13%, signal=15%	
REACTOME_DNA_REPLICATION_INITIATION	REACTOME_DNA_REPLICATION_INITIATION		8	-0.32633752	-0.71088636	0.7979798	1.0	1.0	14036	tags=100%, list=67%, signal=306%	
REACTOME_SWITCHING_OF_ORIGINS_TO_A_POST_REPLICATIVE_STATE	REACTOME_SWITCHING_OF_ORIGINS_TO_A_POST_REPLICATIVE_STATE		90	-0.18975754	-0.70941085	0.9744991	1.0	1.0	6457	tags=30%, list=31%, signal=43%	
REACTOME_NEGATIVE_FEEDBACK_REGULATION_OF_MAPK_PATHWAY	REACTOME_NEGATIVE_FEEDBACK_REGULATION_OF_MAPK_PATHWAY		6	-0.35315022	-0.70807815	0.81285447	1.0	1.0	13477	tags=100%, list=65%, signal=283%	
REACTOME_TP53_REGULATES_TRANSCRIPTION_OF_CELL_DEATH_GENES	REACTOME_TP53_REGULATES_TRANSCRIPTION_OF_CELL_DEATH_GENES		44	-0.22094719	-0.7076838	0.92639136	1.0	1.0	2287	tags=14%, list=11%, signal=15%	
REACTOME_RSK_ACTIVATION	REACTOME_RSK_ACTIVATION		7	-0.34449756	-0.7063714	0.8039604	1.0	1.0	1246	tags=14%, list=6%, signal=15%	
REACTOME_ORGANIC_CATION_ANION_ZWITTERION_TRANSPORT	REACTOME_ORGANIC_CATION_ANION_ZWITTERION_TRANSPORT		13	-0.29045448	-0.7049382	0.85384613	1.0	1.0	1354	tags=15%, list=7%, signal=16%	
REACTOME_EUKARYOTIC_TRANSLATION_INITIATION	REACTOME_EUKARYOTIC_TRANSLATION_INITIATION		119	-0.18306069	-0.7009909	0.98242533	1.0	1.0	15711	tags=97%, list=75%, signal=394%	
REACTOME_REGULATION_OF_PTEN_STABILITY_AND_ACTIVITY	REACTOME_REGULATION_OF_PTEN_STABILITY_AND_ACTIVITY		67	-0.19976777	-0.7009443	0.9520295	1.0	1.0	6424	tags=31%, list=31%, signal=45%	
REACTOME_SHC_RELATED_EVENTS_TRIGGERED_BY_IGF1R	REACTOME_SHC_RELATED_EVENTS_TRIGGERED_BY_IGF1R		9	-0.3126391	-0.7006956	0.8639847	1.0	1.0	4673	tags=33%, list=22%, signal=43%	
REACTOME_CYTOSOLIC_IRON_SULFUR_CLUSTER_ASSEMBLY	REACTOME_CYTOSOLIC_IRON_SULFUR_CLUSTER_ASSEMBLY		13	-0.2845751	-0.6985516	0.8592871	1.0	1.0	14907	tags=100%, list=72%, signal=351%	
REACTOME_HDR_THROUGH_MMEJ_ALT_NHEJ	REACTOME_HDR_THROUGH_MMEJ_ALT_NHEJ		12	-0.29700214	-0.698044	0.8838095	1.0	1.0	2841	tags=17%, list=14%, signal=19%	
REACTOME_TRAF3_DEPENDENT_IRF_ACTIVATION_PATHWAY	REACTOME_TRAF3_DEPENDENT_IRF_ACTIVATION_PATHWAY		14	-0.2779273	-0.6974835	0.86836934	1.0	1.0	8226	tags=57%, list=39%, signal=94%	
REACTOME_CELLULAR_RESPONSE_TO_HEAT_STRESS	REACTOME_CELLULAR_RESPONSE_TO_HEAT_STRESS		98	-0.18741722	-0.6945397	0.98239434	1.0	1.0	6101	tags=31%, list=29%, signal=43%	
REACTOME_RNA_POLYMERASE_II_PRE_TRANSCRIPTION_EVENTS	REACTOME_RNA_POLYMERASE_II_PRE_TRANSCRIPTION_EVENTS		79	-0.19214706	-0.69272894	0.9768786	1.0	1.0	7720	tags=39%, list=37%, signal=62%	
GLUCONEOGENESIS FROM GLYCEROL	GLUCONEOGENESIS FROM GLYCEROL		3	-0.43022802	-0.69178146	0.8506224	1.0	1.0	6188	tags=67%, list=30%, signal=95%	
REACTOME_ACTIVATION_OF_THE_MRNA_UPON_BINDING_OF_THE_CAP_BINDING_COMPLEX_AND_EIFS_AND_SUBSEQUENT_BINDING_TO_43S	REACTOME_ACTIVATION_OF_THE_MRNA_UPON_BINDING_OF_THE_CAP_BINDING_COMPLEX_AND_EIFS_AND_SUBSEQUENT_BINDING_TO_43S		59	-0.20510355	-0.6895029	0.95933455	1.0	1.0	15711	tags=98%, list=75%, signal=399%	
REACTOME_RUNX1_REGULATES_TRANSCRIPTION_OF_GENES_INVOLVED_IN_DIFFERENTIATION_OF_KERATINOCYTES	REACTOME_RUNX1_REGULATES_TRANSCRIPTION_OF_GENES_INVOLVED_IN_DIFFERENTIATION_OF_KERATINOCYTES		8	-0.31814665	-0.68876266	0.8362919	1.0	1.0	3471	tags=38%, list=17%, signal=45%	
REACTOME_RNA_POLYMERASE_III_TRANSCRIPTION	REACTOME_RNA_POLYMERASE_III_TRANSCRIPTION		41	-0.21359089	-0.68636894	0.95437956	1.0	1.0	6132	tags=29%, list=29%, signal=41%	
REACTOME_SEMA3A_PAK_DEPENDENT_AXON_REPULSION	REACTOME_SEMA3A_PAK_DEPENDENT_AXON_REPULSION		16	-0.27198446	-0.6854805	0.8913044	1.0	1.0	397	tags=6%, list=2%, signal=6%	
REACTOME_SIGNALING_BY_LRP5_MUTANTS	REACTOME_SIGNALING_BY_LRP5_MUTANTS		6	-0.35855746	-0.6793758	0.8801572	1.0	1.0	3512	tags=50%, list=17%, signal=60%	
REACTOME_CRMPS_IN_SEMA3A_SIGNALING	REACTOME_CRMPS_IN_SEMA3A_SIGNALING		16	-0.2624169	-0.67871344	0.9005736	1.0	1.0	397	tags=6%, list=2%, signal=6%	
REACTOME_LDL_CLEARANCE	REACTOME_LDL_CLEARANCE		19	-0.25513768	-0.6761604	0.89373815	1.0	1.0	6856	tags=42%, list=33%, signal=63%	
REACTOME_REGULATION_OF_HSF1_MEDIATED_HEAT_SHOCK_RESPONSE	REACTOME_REGULATION_OF_HSF1_MEDIATED_HEAT_SHOCK_RESPONSE		79	-0.1860892	-0.67600125	0.98734176	1.0	1.0	6101	tags=29%, list=29%, signal=41%	
REACTOME_INTRINSIC_PATHWAY_FOR_APOPTOSIS	REACTOME_INTRINSIC_PATHWAY_FOR_APOPTOSIS		55	-0.19924432	-0.67577267	0.96539164	1.0	1.0	4746	tags=27%, list=23%, signal=35%	
REACTOME_N_GLYCAN_TRIMMING_IN_THE_ER_AND_CALNEXIN_CALRETICULIN_CYCLE	REACTOME_N_GLYCAN_TRIMMING_IN_THE_ER_AND_CALNEXIN_CALRETICULIN_CYCLE		35	-0.2176935	-0.6755715	0.95	1.0	1.0	7249	tags=34%, list=35%, signal=52%	
REACTOME_HEPARAN_SULFATE_HEPARIN_HS_GAG_METABOLISM	REACTOME_HEPARAN_SULFATE_HEPARIN_HS_GAG_METABOLISM		53	-0.20322944	-0.67361885	0.95724905	1.0	1.0	5131	tags=30%, list=25%, signal=40%	
REACTOME_BUDDING_AND_MATURATION_OF_HIV_VIRION	REACTOME_BUDDING_AND_MATURATION_OF_HIV_VIRION		28	-0.2302693	-0.6671288	0.91791046	1.0	1.0	6581	tags=39%, list=32%, signal=57%	
REACTOME_SIGNAL_TRANSDUCTION_BY_L1	REACTOME_SIGNAL_TRANSDUCTION_BY_L1		21	-0.24116527	-0.6663636	0.91477275	1.0	1.0	6135	tags=33%, list=29%, signal=47%	
REACTOME_INTERLEUKIN_21_SIGNALING	REACTOME_INTERLEUKIN_21_SIGNALING		9	-0.2998454	-0.6612688	0.8856016	1.0	1.0	744	tags=11%, list=4%, signal=12%	
REACTOME_HSF1_ACTIVATION	REACTOME_HSF1_ACTIVATION		28	-0.22495145	-0.6612501	0.94931775	1.0	1.0	7520	tags=43%, list=36%, signal=67%	
REACTOME_RAC1_GTPASE_CYCLE	REACTOME_RAC1_GTPASE_CYCLE		181	-0.16232818	-0.6608678	1.0	1.0	1.0	4643	tags=19%, list=22%, signal=25%	
REACTOME_REGULATED_NECROSIS	REACTOME_REGULATED_NECROSIS		59	-0.1969746	-0.66074705	0.9723247	1.0	1.0	204	tags=3%, list=1%, signal=3%	
REACTOME_OREXIN_AND_NEUROPEPTIDES_FF_AND_QRFP_BIND_TO_THEIR_RESPECTIVE_RECEPTORS	REACTOME_OREXIN_AND_NEUROPEPTIDES_FF_AND_QRFP_BIND_TO_THEIR_RESPECTIVE_RECEPTORS		6	-0.335491	-0.65991396	0.86519116	1.0	1.0	5745	tags=67%, list=28%, signal=92%	
REACTOME_RHOJ_GTPASE_CYCLE	REACTOME_RHOJ_GTPASE_CYCLE		55	-0.19480887	-0.6583728	0.97627735	1.0	1.0	6658	tags=35%, list=32%, signal=51%	
REACTOME_NEGATIVE_REGULATION_OF_NOTCH4_SIGNALING	REACTOME_NEGATIVE_REGULATION_OF_NOTCH4_SIGNALING		54	-0.19409655	-0.6572773	0.9802514	1.0	1.0	7453	tags=39%, list=36%, signal=60%	
REACTOME_ATTACHMENT_OF_GPI_ANCHOR_TO_UPAR	REACTOME_ATTACHMENT_OF_GPI_ANCHOR_TO_UPAR		7	-0.3156753	-0.6569374	0.872093	1.0	1.0	4052	tags=29%, list=19%, signal=35%	
REACTOME_EXTENSION_OF_TELOMERES	REACTOME_EXTENSION_OF_TELOMERES		50	-0.19942252	-0.6534411	0.9794776	1.0	1.0	16687	tags=100%, list=80%, signal=502%	
REACTOME_MITOCHONDRIAL_UNCOUPLING	REACTOME_MITOCHONDRIAL_UNCOUPLING		6	-0.3310286	-0.65194243	0.8852773	1.0	1.0	1553	tags=17%, list=7%, signal=18%	
REACTOME_CONSTITUTIVE_SIGNALING_BY_OVEREXPRESSED_ERBB2	REACTOME_CONSTITUTIVE_SIGNALING_BY_OVEREXPRESSED_ERBB2		11	-0.28312474	-0.6516136	0.89923954	1.0	1.0	4673	tags=27%, list=22%, signal=35%	
REACTOME_STAT3_NUCLEAR_EVENTS_DOWNSTREAM_OF_ALK_SIGNALING	REACTOME_STAT3_NUCLEAR_EVENTS_DOWNSTREAM_OF_ALK_SIGNALING		10	-0.2873679	-0.64847815	0.9082031	1.0	1.0	14848	tags=100%, list=71%, signal=348%	
INOSINE MONOPHOSPHATE SYNTHESIS (IMP)	INOSINE MONOPHOSPHATE SYNTHESIS (IMP)		5	-0.34367347	-0.64814895	0.8744856	1.0	1.0	13674	tags=100%, list=66%, signal=291%	
REACTOME_CELL_EXTRACELLULAR_MATRIX_INTERACTIONS	REACTOME_CELL_EXTRACELLULAR_MATRIX_INTERACTIONS		18	-0.24601579	-0.64781284	0.91821563	1.0	1.0	4211	tags=28%, list=20%, signal=35%	
REACTOME_METABOLISM_OF_POLYAMINES	REACTOME_METABOLISM_OF_POLYAMINES		57	-0.18801457	-0.64651537	0.9874552	1.0	1.0	7206	tags=37%, list=35%, signal=56%	
REACTOME_PROCESSING_AND_ACTIVATION_OF_SUMO	REACTOME_PROCESSING_AND_ACTIVATION_OF_SUMO		10	-0.29068202	-0.64557755	0.8757764	1.0	1.0	14779	tags=100%, list=71%, signal=344%	
REACTOME_APC_CDC20_MEDIATED_DEGRADATION_OF_NEK2A	REACTOME_APC_CDC20_MEDIATED_DEGRADATION_OF_NEK2A		26	-0.22253734	-0.64351344	0.9352381	1.0	1.0	8020	tags=42%, list=39%, signal=69%	
REACTOME_TRNA_PROCESSING	REACTOME_TRNA_PROCESSING		110	-0.17039597	-0.64265746	0.99823946	1.0	1.0	8527	tags=40%, list=41%, signal=67%	
REACTOME_REGULATION_OF_PLK1_ACTIVITY_AT_G2_M_TRANSITION	REACTOME_REGULATION_OF_PLK1_ACTIVITY_AT_G2_M_TRANSITION		87	-0.17781529	-0.642181	0.9981584	1.0	1.0	6494	tags=30%, list=31%, signal=43%	
REACTOME_REGULATION_OF_TP53_ACTIVITY	REACTOME_REGULATION_OF_TP53_ACTIVITY		158	-0.16177748	-0.6420169	1.0	1.0	1.0	6840	tags=33%, list=33%, signal=49%	
REACTOME_INSULIN_PROCESSING	REACTOME_INSULIN_PROCESSING		25	-0.2243706	-0.6419802	0.9543651	1.0	1.0	8071	tags=52%, list=39%, signal=85%	
REACTOME_CREB3_FACTORS_ACTIVATE_GENES	REACTOME_CREB3_FACTORS_ACTIVATE_GENES		9	-0.28774795	-0.6401551	0.90839696	1.0	1.0	3960	tags=22%, list=19%, signal=27%	
REACTOME_HYDROLYSIS_OF_LPC	REACTOME_HYDROLYSIS_OF_LPC		9	-0.2934509	-0.6398723	0.891945	1.0	1.0	4836	tags=44%, list=23%, signal=58%	
REACTOME_HDL_ASSEMBLY	REACTOME_HDL_ASSEMBLY		7	-0.3080678	-0.63976735	0.89043826	1.0	1.0	1641	tags=14%, list=8%, signal=16%	
REACTOME_NEGATIVE_REGULATION_OF_TCF_DEPENDENT_SIGNALING_BY_DVL_INTERACTING_PROTEINS	REACTOME_NEGATIVE_REGULATION_OF_TCF_DEPENDENT_SIGNALING_BY_DVL_INTERACTING_PROTEINS		5	-0.33262062	-0.6375756	0.89944136	1.0	1.0	2159	tags=20%, list=10%, signal=22%	
REACTOME_HISTIDINE_CATABOLISM	REACTOME_HISTIDINE_CATABOLISM		8	-0.29335308	-0.6359162	0.9055118	1.0	1.0	865	tags=13%, list=4%, signal=13%	
REACTOME_HS_GAG_BIOSYNTHESIS	REACTOME_HS_GAG_BIOSYNTHESIS		29	-0.21379945	-0.63480353	0.95984703	1.0	1.0	3377	tags=24%, list=16%, signal=29%	
REACTOME_PROCESSING_OF_INTRONLESS_PRE_MRNAS	REACTOME_PROCESSING_OF_INTRONLESS_PRE_MRNAS		20	-0.23445985	-0.6330961	0.94785845	1.0	1.0	6053	tags=25%, list=29%, signal=35%	
GLUCONEOGENESIS FROM PYRUVATE	GLUCONEOGENESIS FROM PYRUVATE		2	-0.41222417	-0.6303726	0.9135021	1.0	1.0	4363	tags=50%, list=21%, signal=63%	
REACTOME_PTK6_REGULATES_RHO_GTPASES_RAS_GTPASE_AND_MAP_KINASES	REACTOME_PTK6_REGULATES_RHO_GTPASES_RAS_GTPASE_AND_MAP_KINASES		14	-0.25700888	-0.6286525	0.93726236	1.0	1.0	3685	tags=14%, list=18%, signal=17%	
REACTOME_SMAC_XIAP_REGULATED_APOPTOTIC_RESPONSE	REACTOME_SMAC_XIAP_REGULATED_APOPTOTIC_RESPONSE		8	-0.29739162	-0.62733006	0.91217566	1.0	1.0	4676	tags=25%, list=22%, signal=32%	
REACTOME_SCF_BETA_TRCP_MEDIATED_DEGRADATION_OF_EMI1	REACTOME_SCF_BETA_TRCP_MEDIATED_DEGRADATION_OF_EMI1		53	-0.18276824	-0.6271343	0.98333335	1.0	1.0	7075	tags=36%, list=34%, signal=54%	
REACTOME_SIGNALING_BY_HEDGEHOG	REACTOME_SIGNALING_BY_HEDGEHOG		147	-0.15719837	-0.62347627	1.0	1.0	1.0	3933	tags=14%, list=19%, signal=17%	
REACTOME_CELLULAR_RESPONSE_TO_STARVATION	REACTOME_CELLULAR_RESPONSE_TO_STARVATION		155	-0.15571475	-0.62285185	1.0	1.0	1.0	4907	tags=15%, list=24%, signal=20%	
REACTOME_NUCLEOTIDE_BIOSYNTHESIS	REACTOME_NUCLEOTIDE_BIOSYNTHESIS		14	-0.2478261	-0.61850095	0.9306358	1.0	1.0	909	tags=7%, list=4%, signal=7%	
REACTOME_CYTOSOLIC_TRNA_AMINOACYLATION	REACTOME_CYTOSOLIC_TRNA_AMINOACYLATION		24	-0.21892723	-0.61847544	0.96564883	1.0	1.0	16276	tags=100%, list=78%, signal=457%	
GLUCONEOGENESIS FROM ALANINE	GLUCONEOGENESIS FROM ALANINE		2	-0.41222417	-0.6169838	0.89161557	1.0	1.0	4363	tags=50%, list=21%, signal=63%	
GLUCONEOGENESIS FROM LACTATE	GLUCONEOGENESIS FROM LACTATE		2	-0.41222417	-0.61618125	0.9096267	1.0	1.0	4363	tags=50%, list=21%, signal=63%	
REACTOME_POLYMERASE_SWITCHING_ON_THE_C_STRAND_OF_THE_TELOMERE	REACTOME_POLYMERASE_SWITCHING_ON_THE_C_STRAND_OF_THE_TELOMERE		26	-0.21846761	-0.6161352	0.97402596	1.0	1.0	16286	tags=100%, list=78%, signal=458%	
REACTOME_ABERRANT_REGULATION_OF_MITOTIC_EXIT_IN_CANCER_DUE_TO_RB1_DEFECTS	REACTOME_ABERRANT_REGULATION_OF_MITOTIC_EXIT_IN_CANCER_DUE_TO_RB1_DEFECTS		20	-0.22657377	-0.6153941	0.9222222	1.0	1.0	16116	tags=100%, list=77%, signal=441%	
REACTOME_SARS_COV_1_ACTIVATES_MODULATES_INNATE_IMMUNE_RESPONSES	REACTOME_SARS_COV_1_ACTIVATES_MODULATES_INNATE_IMMUNE_RESPONSES		41	-0.19081578	-0.61503536	0.9889706	1.0	1.0	5152	tags=24%, list=25%, signal=32%	
REACTOME_RHO_GTPASE_CYCLE	REACTOME_RHO_GTPASE_CYCLE		446	-0.14037915	-0.61486965	1.0	1.0	1.0	4713	tags=18%, list=23%, signal=23%	
REACTOME_HEDGEHOG_LIGAND_BIOGENESIS	REACTOME_HEDGEHOG_LIGAND_BIOGENESIS		63	-0.17856641	-0.613103	0.9926874	1.0	1.0	6424	tags=29%, list=31%, signal=41%	
REACTOME_TELOMERE_C_STRAND_LAGGING_STRAND_SYNTHESIS	REACTOME_TELOMERE_C_STRAND_LAGGING_STRAND_SYNTHESIS		34	-0.19926909	-0.60818285	0.9785575	1.0	1.0	16687	tags=100%, list=80%, signal=502%	
REACTOME_MITOCHONDRIAL_IRON_SULFUR_CLUSTER_BIOGENESIS	REACTOME_MITOCHONDRIAL_IRON_SULFUR_CLUSTER_BIOGENESIS		13	-0.2478263	-0.60715234	0.9339806	1.0	1.0	15672	tags=100%, list=75%, signal=404%	
REACTOME_AUF1_HNRNP_D0_BINDS_AND_DESTABILIZES_MRNA	REACTOME_AUF1_HNRNP_D0_BINDS_AND_DESTABILIZES_MRNA		53	-0.18077324	-0.6061878	0.9944341	1.0	1.0	6424	tags=32%, list=31%, signal=46%	
REACTOME_POLYMERASE_SWITCHING	REACTOME_POLYMERASE_SWITCHING		14	-0.24346656	-0.60381055	0.93939394	1.0	1.0	15763	tags=100%, list=76%, signal=411%	
REACTOME_REGULATION_OF_NF_KAPPA_B_SIGNALING	REACTOME_REGULATION_OF_NF_KAPPA_B_SIGNALING		18	-0.23113617	-0.59867835	0.9530957	1.0	1.0	2172	tags=11%, list=10%, signal=12%	
REACTOME_RHOBTB3_ATPASE_CYCLE	REACTOME_RHOBTB3_ATPASE_CYCLE		10	-0.2617778	-0.5980197	0.9385593	1.0	1.0	8800	tags=70%, list=42%, signal=121%	
REACTOME_SIGNALING_BY_FGFR4_IN_DISEASE	REACTOME_SIGNALING_BY_FGFR4_IN_DISEASE		11	-0.25388134	-0.5961158	0.926078	1.0	1.0	4673	tags=27%, list=22%, signal=35%	
REACTOME_RND2_GTPASE_CYCLE	REACTOME_RND2_GTPASE_CYCLE		43	-0.18429172	-0.5935337	0.98846155	1.0	1.0	6381	tags=35%, list=31%, signal=50%	
REACTOME_HIV_TRANSCRIPTION_ELONGATION	REACTOME_HIV_TRANSCRIPTION_ELONGATION		42	-0.18451421	-0.59323436	0.9882353	1.0	1.0	7720	tags=36%, list=37%, signal=57%	
REACTOME_FOXO_MEDIATED_TRANSCRIPTION_OF_CELL_CYCLE_GENES	REACTOME_FOXO_MEDIATED_TRANSCRIPTION_OF_CELL_CYCLE_GENES		16	-0.2242106	-0.5909743	0.9546314	1.0	1.0	2298	tags=19%, list=11%, signal=21%	
REACTOME_RECRUITMENT_OF_MITOTIC_CENTROSOME_PROTEINS_AND_COMPLEXES	REACTOME_RECRUITMENT_OF_MITOTIC_CENTROSOME_PROTEINS_AND_COMPLEXES		81	-0.16464487	-0.59034413	1.0	1.0	1.0	6163	tags=23%, list=30%, signal=33%	
REACTOME_TRANSPORT_AND_SYNTHESIS_OF_PAPS	REACTOME_TRANSPORT_AND_SYNTHESIS_OF_PAPS		6	-0.306507	-0.58519423	0.9215292	1.0	1.0	6676	tags=50%, list=32%, signal=74%	
REACTOME_ENDOSOMAL_SORTING_COMPLEX_REQUIRED_FOR_TRANSPORT_ESCRT	REACTOME_ENDOSOMAL_SORTING_COMPLEX_REQUIRED_FOR_TRANSPORT_ESCRT		31	-0.19764625	-0.5839078	0.97551787	1.0	1.0	6581	tags=39%, list=32%, signal=57%	
REACTOME_REGULATION_OF_TP53_ACTIVITY_THROUGH_ASSOCIATION_WITH_CO_FACTORS	REACTOME_REGULATION_OF_TP53_ACTIVITY_THROUGH_ASSOCIATION_WITH_CO_FACTORS		13	-0.23552504	-0.58222234	0.9487666	1.0	1.0	3727	tags=23%, list=18%, signal=28%	
REACTOME_PEXOPHAGY	REACTOME_PEXOPHAGY		11	-0.25616217	-0.5817788	0.94402987	1.0	1.0	930	tags=9%, list=4%, signal=10%	
REACTOME_DISEASES_OF_DNA_REPAIR	REACTOME_DISEASES_OF_DNA_REPAIR		51	-0.17416623	-0.580637	0.9962406	1.0	1.0	17212	tags=100%, list=83%, signal=574%	
REACTOME_APOPTOTIC_CLEAVAGE_OF_CELL_ADHESION_PROTEINS	REACTOME_APOPTOTIC_CLEAVAGE_OF_CELL_ADHESION_PROTEINS		11	-0.25374058	-0.580423	0.96850395	1.0	1.0	800	tags=9%, list=4%, signal=9%	
REACTOME_ABORTIVE_ELONGATION_OF_HIV_1_TRANSCRIPT_IN_THE_ABSENCE_OF_TAT	REACTOME_ABORTIVE_ELONGATION_OF_HIV_1_TRANSCRIPT_IN_THE_ABSENCE_OF_TAT		23	-0.20725556	-0.5792279	0.96564883	1.0	1.0	7720	tags=43%, list=37%, signal=69%	
REACTOME_RESPONSE_OF_MTB_TO_PHAGOCYTOSIS	REACTOME_RESPONSE_OF_MTB_TO_PHAGOCYTOSIS		23	-0.20300075	-0.5758067	0.96590906	1.0	1.0	1881	tags=9%, list=9%, signal=10%	
REACTOME_ORC1_REMOVAL_FROM_CHROMATIN	REACTOME_ORC1_REMOVAL_FROM_CHROMATIN		69	-0.16159831	-0.5735701	1.0	1.0	1.0	6424	tags=30%, list=31%, signal=44%	
REACTOME_PROCESSING_OF_CAPPED_INTRONLESS_PRE_MRNA	REACTOME_PROCESSING_OF_CAPPED_INTRONLESS_PRE_MRNA		29	-0.19758666	-0.57355887	0.97818184	1.0	1.0	16721	tags=100%, list=80%, signal=506%	
REACTOME_GOLGI_ASSOCIATED_VESICLE_BIOGENESIS	REACTOME_GOLGI_ASSOCIATED_VESICLE_BIOGENESIS		56	-0.17066874	-0.5723892	0.99638337	1.0	1.0	7550	tags=45%, list=36%, signal=70%	
REACTOME_TELOMERE_C_STRAND_SYNTHESIS_INITIATION	REACTOME_TELOMERE_C_STRAND_SYNTHESIS_INITIATION		13	-0.23178172	-0.56835425	0.958498	1.0	1.0	16006	tags=100%, list=77%, signal=432%	
REACTOME_CLEC7A_DECTIN_1_SIGNALING	REACTOME_CLEC7A_DECTIN_1_SIGNALING		98	-0.14954409	-0.55943877	1.0	1.0	1.0	7264	tags=31%, list=35%, signal=47%	
REACTOME_TRAF6_MEDIATED_INDUCTION_OF_TAK1_COMPLEX_WITHIN_TLR4_COMPLEX	REACTOME_TRAF6_MEDIATED_INDUCTION_OF_TAK1_COMPLEX_WITHIN_TLR4_COMPLEX		16	-0.21859667	-0.5592634	0.96887964	1.0	1.0	2113	tags=13%, list=10%, signal=14%	
REACTOME_HOMOLOGOUS_DNA_PAIRING_AND_STRAND_EXCHANGE	REACTOME_HOMOLOGOUS_DNA_PAIRING_AND_STRAND_EXCHANGE		43	-0.1740992	-0.55917174	0.99298245	1.0	1.0	17212	tags=100%, list=83%, signal=575%	
REACTOME_TLR3_MEDIATED_TICAM1_DEPENDENT_PROGRAMMED_CELL_DEATH	REACTOME_TLR3_MEDIATED_TICAM1_DEPENDENT_PROGRAMMED_CELL_DEATH		6	-0.2821839	-0.5583919	0.944334	1.0	1.0	8247	tags=50%, list=40%, signal=83%	
REACTOME_ONCOGENIC_MAPK_SIGNALING	REACTOME_ONCOGENIC_MAPK_SIGNALING		82	-0.15418169	-0.55626494	1.0	1.0	1.0	4464	tags=16%, list=21%, signal=20%	
UDP-N-ACETYL D-GALACTOSAMINE SYNTHESIS	UDP-N-ACETYL D-GALACTOSAMINE SYNTHESIS		3	-0.3378896	-0.5558882	0.9468504	1.0	1.0	6812	tags=67%, list=33%, signal=99%	
REACTOME_INTEGRATION_OF_PROVIRUS	REACTOME_INTEGRATION_OF_PROVIRUS		9	-0.24744248	-0.5535851	0.94219655	1.0	1.0	15679	tags=100%, list=75%, signal=404%	
REACTOME_RNA_POLYMERASE_III_TRANSCRIPTION_INITIATION_FROM_TYPE_3_PROMOTER	REACTOME_RNA_POLYMERASE_III_TRANSCRIPTION_INITIATION_FROM_TYPE_3_PROMOTER		28	-0.19241835	-0.55289155	0.98846155	1.0	1.0	2297	tags=11%, list=11%, signal=12%	
REACTOME_DEADENYLATION_OF_MRNA	REACTOME_DEADENYLATION_OF_MRNA		25	-0.19200335	-0.5497599	0.982659	1.0	1.0	5374	tags=24%, list=26%, signal=32%	
REACTOME_HIV_LIFE_CYCLE	REACTOME_HIV_LIFE_CYCLE		147	-0.14021319	-0.54892176	1.0	1.0	1.0	7801	tags=35%, list=37%, signal=56%	
REACTOME_LAGGING_STRAND_SYNTHESIS	REACTOME_LAGGING_STRAND_SYNTHESIS		20	-0.19913504	-0.5487256	0.9736842	1.0	1.0	16687	tags=100%, list=80%, signal=502%	
REACTOME_METABOLISM_OF_NITRIC_OXIDE_NOS3_ACTIVATION_AND_REGULATION	REACTOME_METABOLISM_OF_NITRIC_OXIDE_NOS3_ACTIVATION_AND_REGULATION		15	-0.21841352	-0.54837596	0.96964586	1.0	1.0	6060	tags=33%, list=29%, signal=47%	
REACTOME_TBC_RABGAPS	REACTOME_TBC_RABGAPS		43	-0.16983053	-0.5483236	1.0	1.0	1.0	5850	tags=23%, list=28%, signal=32%	
REACTOME_PCNA_DEPENDENT_LONG_PATCH_BASE_EXCISION_REPAIR	REACTOME_PCNA_DEPENDENT_LONG_PATCH_BASE_EXCISION_REPAIR		21	-0.1991446	-0.54716384	0.98259187	1.0	1.0	16687	tags=100%, list=80%, signal=502%	
REACTOME_PROCESSIVE_SYNTHESIS_ON_THE_C_STRAND_OF_THE_TELOMERE	REACTOME_PROCESSIVE_SYNTHESIS_ON_THE_C_STRAND_OF_THE_TELOMERE		19	-0.201028	-0.54639053	0.9771429	1.0	1.0	7172	tags=37%, list=34%, signal=56%	
REACTOME_ACTIVATED_NTRK3_SIGNALS_THROUGH_RAS	REACTOME_ACTIVATED_NTRK3_SIGNALS_THROUGH_RAS		8	-0.25573382	-0.5445238	0.97126436	1.0	1.0	4673	tags=38%, list=22%, signal=48%	
REACTOME_SNRNP_ASSEMBLY	REACTOME_SNRNP_ASSEMBLY		54	-0.16263959	-0.54306626	0.99814814	1.0	1.0	17452	tags=100%, list=84%, signal=615%	
REACTOME_RNA_POLYMERASE_II_TRANSCRIBES_SNRNA_GENES	REACTOME_RNA_POLYMERASE_II_TRANSCRIBES_SNRNA_GENES		75	-0.15487844	-0.5425182	1.0	1.0	1.0	7847	tags=36%, list=38%, signal=58%	
REACTOME_HDR_THROUGH_SINGLE_STRAND_ANNEALING_SSA	REACTOME_HDR_THROUGH_SINGLE_STRAND_ANNEALING_SSA		37	-0.17404896	-0.5416428	0.99816847	1.0	1.0	17212	tags=100%, list=83%, signal=575%	
REACTOME_TRISTETRAPROLIN_TTP_ZFP36_BINDS_AND_DESTABILIZES_MRNA	REACTOME_TRISTETRAPROLIN_TTP_ZFP36_BINDS_AND_DESTABILIZES_MRNA		17	-0.20654698	-0.5412458	0.9809524	1.0	1.0	5371	tags=29%, list=26%, signal=40%	
REACTOME_MITOPHAGY	REACTOME_MITOPHAGY		29	-0.18416409	-0.5400641	0.98653847	1.0	1.0	6025	tags=31%, list=29%, signal=44%	
REACTOME_MISMATCH_REPAIR	REACTOME_MISMATCH_REPAIR		15	-0.20904464	-0.53734994	0.97740114	1.0	1.0	7172	tags=40%, list=34%, signal=61%	
REACTOME_ESTROGEN_STIMULATED_SIGNALING_THROUGH_PRKCZ	REACTOME_ESTROGEN_STIMULATED_SIGNALING_THROUGH_PRKCZ		6	-0.27178925	-0.5288114	0.9508841	1.0	1.0	8657	tags=67%, list=42%, signal=114%	
REACTOME_ASSEMBLY_OF_THE_HIV_VIRION	REACTOME_ASSEMBLY_OF_THE_HIV_VIRION		16	-0.20443292	-0.5287137	0.98259187	1.0	1.0	5152	tags=25%, list=25%, signal=33%	
REACTOME_INTERCONVERSION_OF_NUCLEOTIDE_DI_AND_TRIPHOSPHATES	REACTOME_INTERCONVERSION_OF_NUCLEOTIDE_DI_AND_TRIPHOSPHATES		29	-0.18131994	-0.5273583	0.99068904	1.0	1.0	6762	tags=34%, list=32%, signal=51%	
REACTOME_RUNX3_REGULATES_NOTCH_SIGNALING	REACTOME_RUNX3_REGULATES_NOTCH_SIGNALING		14	-0.2109763	-0.5273048	0.9889706	1.0	1.0	2561	tags=14%, list=12%, signal=16%	
REACTOME_TRANS_GOLGI_NETWORK_VESICLE_BUDDING	REACTOME_TRANS_GOLGI_NETWORK_VESICLE_BUDDING		72	-0.14749366	-0.5234216	1.0	1.0	1.0	7390	tags=40%, list=35%, signal=62%	
REACTOME_DEADENYLATION_DEPENDENT_MRNA_DECAY	REACTOME_DEADENYLATION_DEPENDENT_MRNA_DECAY		56	-0.15509772	-0.52233434	1.0	1.0	1.0	17609	tags=100%, list=85%, signal=645%	
REACTOME_ASYMMETRIC_LOCALIZATION_OF_PCP_PROTEINS	REACTOME_ASYMMETRIC_LOCALIZATION_OF_PCP_PROTEINS		62	-0.15288925	-0.52065194	1.0	1.0	1.0	1065	tags=5%, list=5%, signal=5%	
REACTOME_G_BETA_GAMMA_SIGNALLING_THROUGH_CDC42	REACTOME_G_BETA_GAMMA_SIGNALLING_THROUGH_CDC42		16	-0.20107622	-0.5165581	0.98141265	1.0	1.0	2076	tags=13%, list=10%, signal=14%	
REACTOME_DEFECTIVE_CFTR_CAUSES_CYSTIC_FIBROSIS	REACTOME_DEFECTIVE_CFTR_CAUSES_CYSTIC_FIBROSIS		59	-0.15105759	-0.5150977	1.0	1.0	1.0	8337	tags=44%, list=40%, signal=73%	
REACTOME_2_LTR_CIRCLE_FORMATION	REACTOME_2_LTR_CIRCLE_FORMATION		7	-0.24741872	-0.5146347	0.96917146	1.0	1.0	15679	tags=100%, list=75%, signal=404%	
REACTOME_NS1_MEDIATED_EFFECTS_ON_HOST_PATHWAYS	REACTOME_NS1_MEDIATED_EFFECTS_ON_HOST_PATHWAYS		40	-0.16253006	-0.5120192	0.9981025	1.0	1.0	17452	tags=100%, list=84%, signal=615%	
REACTOME_PROCESSIVE_SYNTHESIS_ON_THE_LAGGING_STRAND	REACTOME_PROCESSIVE_SYNTHESIS_ON_THE_LAGGING_STRAND		15	-0.20100243	-0.51200026	0.9851577	1.0	1.0	8913	tags=60%, list=43%, signal=105%	
REACTOME_TP53_REGULATES_TRANSCRIPTION_OF_ADDITIONAL_CELL_CYCLE_GENES_WHOSE_EXACT_ROLE_IN_THE_P53_PATHWAY_REMAIN_UNCERTAIN	REACTOME_TP53_REGULATES_TRANSCRIPTION_OF_ADDITIONAL_CELL_CYCLE_GENES_WHOSE_EXACT_ROLE_IN_THE_P53_PATHWAY_REMAIN_UNCERTAIN		21	-0.18547413	-0.5113512	0.98513013	1.0	1.0	5374	tags=24%, list=26%, signal=32%	
REACTOME_SCF_SKP2_MEDIATED_DEGRADATION_OF_P27_P21	REACTOME_SCF_SKP2_MEDIATED_DEGRADATION_OF_P27_P21		60	-0.14998494	-0.51097757	1.0	1.0	1.0	6424	tags=30%, list=31%, signal=43%	
REACTOME_SUMOYLATION_OF_TRANSCRIPTION_COFACTORS	REACTOME_SUMOYLATION_OF_TRANSCRIPTION_COFACTORS		43	-0.1562515	-0.5095338	0.9961905	1.0	1.0	17583	tags=100%, list=84%, signal=640%	
REACTOME_INTERACTIONS_OF_VPR_WITH_HOST_CELLULAR_PROTEINS	REACTOME_INTERACTIONS_OF_VPR_WITH_HOST_CELLULAR_PROTEINS		37	-0.16250661	-0.5088802	0.9981982	1.0	1.0	17452	tags=100%, list=84%, signal=616%	
REACTOME_DEFECTIVE_RIPK1_MEDIATED_REGULATED_NECROSIS	REACTOME_DEFECTIVE_RIPK1_MEDIATED_REGULATED_NECROSIS		7	-0.24287193	-0.5052165	0.9757463	1.0	1.0	6685	tags=43%, list=32%, signal=63%	
REACTOME_IKK_COMPLEX_RECRUITMENT_MEDIATED_BY_RIP1	REACTOME_IKK_COMPLEX_RECRUITMENT_MEDIATED_BY_RIP1		23	-0.17871211	-0.5027834	0.99029124	1.0	1.0	3136	tags=13%, list=15%, signal=15%	
REACTOME_RAF_ACTIVATION	REACTOME_RAF_ACTIVATION		34	-0.16054256	-0.500989	0.99421966	1.0	1.0	4331	tags=15%, list=21%, signal=19%	
REACTOME_ROLE_OF_ABL_IN_ROBO_SLIT_SIGNALING	REACTOME_ROLE_OF_ABL_IN_ROBO_SLIT_SIGNALING		8	-0.23868224	-0.5002135	0.9765625	1.0	1.0	8345	tags=50%, list=40%, signal=83%	
REACTOME_MRNA_SPLICING_MINOR_PATHWAY	REACTOME_MRNA_SPLICING_MINOR_PATHWAY		50	-0.15213193	-0.4974236	0.9981132	1.0	1.0	5922	tags=24%, list=28%, signal=33%	
REACTOME_SENSING_OF_DNA_DOUBLE_STRAND_BREAKS	REACTOME_SENSING_OF_DNA_DOUBLE_STRAND_BREAKS		6	-0.25578427	-0.49486488	0.973535	1.0	1.0	2870	tags=17%, list=14%, signal=19%	
REACTOME_HIV_INFECTION	REACTOME_HIV_INFECTION		227	-0.116338655	-0.48511547	1.0	1.0	1.0	7180	tags=32%, list=34%, signal=49%	
REACTOME_PTK6_EXPRESSION	REACTOME_PTK6_EXPRESSION		5	-0.25623047	-0.4844029	0.98987854	1.0	1.0	15495	tags=100%, list=74%, signal=390%	
PHOSPHATIDYL-INOSITOL TO GLUCOSAMINYL-ACYLPHOSPHATIDYLINOSITOL	PHOSPHATIDYL-INOSITOL TO GLUCOSAMINYL-ACYLPHOSPHATIDYLINOSITOL		2	-0.32538986	-0.4823821	0.97410357	1.0	1.0	4092	tags=50%, list=20%, signal=62%	
REACTOME_PROCESSING_OF_CAPPED_INTRON_CONTAINING_PRE_MRNA	REACTOME_PROCESSING_OF_CAPPED_INTRON_CONTAINING_PRE_MRNA		280	-0.11370936	-0.48160303	1.0	1.0	1.0	18068	tags=100%, list=87%, signal=741%	
REACTOME_RUNX1_INTERACTS_WITH_CO_FACTORS_WHOSE_PRECISE_EFFECT_ON_RUNX1_TARGETS_IS_NOT_KNOWN	REACTOME_RUNX1_INTERACTS_WITH_CO_FACTORS_WHOSE_PRECISE_EFFECT_ON_RUNX1_TARGETS_IS_NOT_KNOWN		37	-0.15620641	-0.4754086	1.0	1.0	1.0	17583	tags=100%, list=84%, signal=640%	
REACTOME_RAB_REGULATION_OF_TRAFFICKING	REACTOME_RAB_REGULATION_OF_TRAFFICKING		121	-0.123554565	-0.47483504	1.0	1.0	1.0	5850	tags=21%, list=28%, signal=30%	
REACTOME_TRANSCRIPTION_OF_THE_HIV_GENOME	REACTOME_TRANSCRIPTION_OF_THE_HIV_GENOME		68	-0.13434808	-0.47188288	1.0	1.0	1.0	7720	tags=37%, list=37%, signal=58%	
REACTOME_RND3_GTPASE_CYCLE	REACTOME_RND3_GTPASE_CYCLE		42	-0.14750372	-0.4662836	1.0	1.0	1.0	6381	tags=29%, list=31%, signal=41%	
REACTOME_REPRESSION_OF_WNT_TARGET_GENES	REACTOME_REPRESSION_OF_WNT_TARGET_GENES		14	-0.19005738	-0.46360567	0.9919028	1.0	1.0	3723	tags=14%, list=18%, signal=17%	
DEOXYGUANOSINE TRIPHOSPHATE SYNTHESIS (DGTP)	DEOXYGUANOSINE TRIPHOSPHATE SYNTHESIS (DGTP)		10	-0.1993756	-0.452652	0.990099	1.0	1.0	16680	tags=100%, list=80%, signal=502%	
REACTOME_DISEASES_OF_MISMATCH_REPAIR_MMR	REACTOME_DISEASES_OF_MISMATCH_REPAIR_MMR		5	-0.24158463	-0.45188034	0.984466	1.0	1.0	15800	tags=100%, list=76%, signal=414%	
REACTOME_RESOLUTION_OF_ABASIC_SITES_AP_SITES	REACTOME_RESOLUTION_OF_ABASIC_SITES_AP_SITES		38	-0.14241055	-0.44380027	0.9980507	1.0	1.0	17870	tags=100%, list=86%, signal=702%	
REACTOME_SARS_COV_1_HOST_INTERACTIONS	REACTOME_SARS_COV_1_HOST_INTERACTIONS		97	-0.11492442	-0.43043664	1.0	1.0	1.0	5179	tags=16%, list=25%, signal=22%	
REACTOME_RIP_MEDIATED_NFKB_ACTIVATION_VIA_ZBP1	REACTOME_RIP_MEDIATED_NFKB_ACTIVATION_VIA_ZBP1		17	-0.16242518	-0.42994648	0.99622643	1.0	1.0	7191	tags=35%, list=35%, signal=54%	
REACTOME_COOPERATION_OF_PDCL_PHLP1_AND_TRIC_CCT_IN_G_PROTEIN_BETA_FOLDING	REACTOME_COOPERATION_OF_PDCL_PHLP1_AND_TRIC_CCT_IN_G_PROTEIN_BETA_FOLDING		33	-0.13745347	-0.42536592	1.0	1.0	1.0	7534	tags=42%, list=36%, signal=66%	
REACTOME_VIRAL_MESSENGER_RNA_SYNTHESIS	REACTOME_VIRAL_MESSENGER_RNA_SYNTHESIS		44	-0.13292857	-0.425164	1.0	1.0	1.0	5866	tags=23%, list=28%, signal=32%	
REACTOME_METABOLISM_OF_RNA	REACTOME_METABOLISM_OF_RNA		705	-0.09233696	-0.42040142	1.0	1.0	1.0	7846	tags=28%, list=38%, signal=43%	
REACTOME_DOWNREGULATION_OF_TGF_BETA_RECEPTOR_SIGNALING	REACTOME_DOWNREGULATION_OF_TGF_BETA_RECEPTOR_SIGNALING		26	-0.14592727	-0.41976345	1.0	1.0	1.0	7312	tags=42%, list=35%, signal=65%	
REACTOME_RESOLUTION_OF_AP_SITES_VIA_THE_MULTIPLE_NUCLEOTIDE_PATCH_REPLACEMENT_PATHWAY	REACTOME_RESOLUTION_OF_AP_SITES_VIA_THE_MULTIPLE_NUCLEOTIDE_PATCH_REPLACEMENT_PATHWAY		25	-0.14232156	-0.40633264	1.0	1.0	1.0	17870	tags=100%, list=86%, signal=703%	
REACTOME_IKBA_VARIANT_LEADS_TO_EDA_ID	REACTOME_IKBA_VARIANT_LEADS_TO_EDA_ID		7	-0.19877058	-0.4055684	1.0	1.0	1.0	16692	tags=100%, list=80%, signal=503%	
REACTOME_TRNA_MODIFICATION_IN_THE_NUCLEUS_AND_CYTOSOL	REACTOME_TRNA_MODIFICATION_IN_THE_NUCLEUS_AND_CYTOSOL		43	-0.117958345	-0.37882832	1.0	1.0	1.0	18379	tags=100%, list=88%, signal=848%	
REACTOME_TRAF6_MEDIATED_IRF7_ACTIVATION	REACTOME_TRAF6_MEDIATED_IRF7_ACTIVATION		16	-0.1440857	-0.37511328	1.0	1.0	1.0	17832	tags=100%, list=86%, signal=694%	
REACTOME_ANTIVIRAL_MECHANISM_BY_IFN_STIMULATED_GENES	REACTOME_ANTIVIRAL_MECHANISM_BY_IFN_STIMULATED_GENES		80	-0.10159354	-0.3661814	1.0	1.0	1.0	6102	tags=21%, list=29%, signal=30%	
REACTOME_RNA_POLYMERASE_I_TRANSCRIPTION_TERMINATION	REACTOME_RNA_POLYMERASE_I_TRANSCRIPTION_TERMINATION		31	-0.12122379	-0.362208	1.0	1.0	1.0	4189	tags=13%, list=20%, signal=16%	
REACTOME_FORMATION_OF_THE_EARLY_ELONGATION_COMPLEX	REACTOME_FORMATION_OF_THE_EARLY_ELONGATION_COMPLEX		33	-0.11771195	-0.3567583	1.0	1.0	1.0	6791	tags=24%, list=33%, signal=36%	
REACTOME_MRNA_CAPPING	REACTOME_MRNA_CAPPING		29	-0.11995479	-0.35330442	1.0	0.99990225	1.0	5206	tags=17%, list=25%, signal=23%	
